t,ang_acc_x,ang_acc_y,ang_acc_z,a_vel_x,a_vel_y,a_vel_z,quat_x,quat_y,quat_z,quat_w,acc_x,acc_y,acc_z,l_vel_x,l_vel_y,l_vel_z,pos_x,pos_y,pos_z,mot_1,mot_2,mot_3,mot_4,dmot_1,dmot_2,dmot_3,dmot_4,vbat
46.6875,-1.014668918495772,0.6391696746361158,0.303064133960089,0.0087638279674605,-0.0226908415607009,-0.012495551145924,0.0009100697428047,-0.0090296854921865,0.0284985755455838,0.9995524013021198,0.0621870939967514,-0.0445208723023287,9.87662587350832,0.0248327050997449,-0.0283151544127712,-0.0004434605905311,4.265160937553346,-0.707911775047045,2.0985458493042506,1150.102914382886,1142.1791100545172,1133.519899951322,1145.289859577813,-87.0991639750965,-339.4619566829437,472.7420262940748,227.46498243198167,158.0328150795752
46.69,-1.0404095462175895,0.8360424867248882,0.1212366323927982,0.0073251612420459,-0.0215373447573573,-0.0109515411615335,0.0008958974160908,-0.0089820189663915,0.0284678658440625,0.999553724919396,0.0629089722829145,-0.0431393644261234,9.87730699353683,0.0245918693475391,-0.0281224129496114,-0.0002525230691465,4.2652156599988285,-0.707978083685348,2.098539128154245,1149.803373298372,1141.3974396419444,1134.8000392818044,1145.5489625084235,-140.10175397304118,-331.93085164745145,546.8973241534899,11.938931086609305,158.03276373829553
46.6925,-1.0364133186759608,1.0170424503591884,-0.0998336507109088,0.0046448655527319,-0.0194217987330162,-0.0101675623563879,0.0008888539473238,-0.0089286467343646,0.0284286213714827,0.9995553310763464,0.063344292822187,-0.0414800962106843,9.877700491802388,0.0243759665207251,-0.0279242754654415,-4.012442586144084e-05,4.265270449012035,-0.708046402045257,2.0985336290146432,1149.4024056130204,1140.519455796279,1136.2543865720909,1145.3495542332464,-169.9239235463705,-426.967462056118,623.9354416540655,-160.96894773700976,158.0327389556493
46.695,-0.9535947632247738,1.1725742271101516,-0.362458633830296,0.0003043488976136,-0.0152786803551786,-0.0108828397295978,0.000895217871221,-0.0088760469966123,0.0283868388006497,0.9995569841730116,0.0635661321378551,-0.0394385014381613,9.87774251384531,0.0241847009837469,-0.0277186548827967,0.0001912123891593,4.265326693800821,-0.708116460324233,2.0985296383999494,1148.9537536806397,1139.2626023316627,1137.9197164900763,1144.7441177697383,-136.4111109424233,-503.4867887295636,559.2227496084516,-249.26639241784804,158.03273930556225
46.6975,-0.7979428479780495,1.224356698559346,-0.5389547964112528,-0.0033189171070084,-0.0106909530386895,-0.0127539836006862,0.0009142918450032,-0.0088273838926976,0.028345840116496,0.999558560551594,0.0635774503921603,-0.0370479274073038,9.877378244595569,0.0240164757130817,-0.0275036817652598,0.000437892381611,4.2653850433702845,-0.708186988933297,2.0985266367405684,1148.720350058309,1138.0020218526336,1139.0505003201304,1144.1032222711583,-43.20498380591352,-548.7643559068978,363.31719599565594,-241.02865571914157,158.0327637561084
46.7,-0.5497195869534373,1.1853528473846224,-0.6308929079278626,-0.0060456144398572,-0.0060300619549188,-0.0152544287506426,0.0009431075549669,-0.0087828753511649,0.0283044675802789,0.999560093602465,0.0633237906776598,-0.0343863334724988,9.876563571631815,0.0238688071380594,-0.027277888104103,0.0006955825830493,4.265445124422032,-0.7082568053891612,2.0985245941268937,1148.73772876161,1136.5187805521268,1139.7363024700555,1143.538974491142,74.10042437528163,-687.3910482694677,174.97865062068882,-185.4640650227754,158.03281163754872
46.7025,-0.1697235871205914,1.0586367955641676,-0.6163114581892095,-0.008051586948138,-0.0020919190185385,-0.0183471620310192,0.000975149679853,-0.0087409204423611,0.0282631187552558,0.999561594259828,0.0627189680590391,-0.0316013836201658,9.875267363616553,0.0237383327691702,-0.027040604364228,0.0009591628435022,4.265506066915198,-0.7083256109419203,2.09852437317702,1149.0908521801855,1134.5650666112845,1139.9253935732345,1143.175901946044,177.84118437955644,-721.2243478156516,-41.201418207712045,-58.35565063208229,158.03289357762685
46.705,0.1834882565175282,0.921454597744044,-0.4954743575005149,-0.0084246428229223,-0.0004960326293047,-0.0206382688946433,0.0010017977601982,-0.0087007077412158,0.0282240517996228,0.9995630169003888,0.0617002042258817,-0.0288824416595879,9.873472388364036,0.023621064848013,-0.0267919626260564,0.0012228046690835,4.265566941234176,-0.7083937630592247,2.098526623673597,1149.6269346835068,1132.9126588130518,1139.5302953790172,1143.2471962379818,243.29093325419595,-626.7546958032631,-264.98994384496734,112.88361662681064,158.03297996578956
46.7075,0.5269493531571365,0.7916292756995517,-0.273186732359741,-0.0074488074784069,0.0002065335663967,-0.0223768376039315,0.0010192905888743,-0.0086598922588328,0.0281875122156253,0.9995643823277568,0.0601876800978939,-0.0263207006846135,9.87117517985941,0.0235127351279233,-0.0265326629772235,0.0014806748908567,4.265627505762785,-0.7084611540241024,2.0985315709188512,1150.307306846457,1131.4312931322663,1138.6004438540087,1143.7403200291783,300.8684402928618,-563.4161465812969,-509.1823302002591,291.7167999873854,158.03308232371973
46.71,0.8698745868373359,0.6691162651755111,0.0788944716592258,-0.0048819964188235,0.001189929155198,-0.0234437217103253,0.0010295837932972,-0.0086215929194271,0.0281556781808797,0.9995656036087752,0.0582257367459705,-0.0238953612909921,9.868384779349892,0.023408638901588,-0.0262641211066116,0.0017269186860423,4.265687184991177,-0.7085275383882854,2.0985387089467302,1151.131276884972,1130.095578080144,1136.9843837280143,1144.7057802379195,282.3768612682055,-387.1051085097744,-650.6498220781856,381.0668493296189,158.03322064440107
46.7125,1.0594649639419247,0.5970882190801664,0.4096836208819107,-0.0012758050932139,0.0025221952531453,-0.0230494933851128,0.0010400852541155,-0.0085922074527178,0.0281353629502215,0.9995664260525516,0.0559414220488408,-0.0214770141538131,9.865122754649745,0.023303480162913,-0.0259885261015569,0.0019560242327718,4.265746531379016,-0.7085920734867434,2.098548036260941,1151.7191911527968,1129.4957675897194,1135.347194743621,1145.6456542758247,197.89722044787476,-116.93353395060896,-677.4922812822923,350.80396970365894,158.03334689587643
46.715,1.118193353764982,0.5499256842446031,0.7325416160350184,0.0034195729524404,0.0043201673111555,-0.0211202683582402,0.001053093083813,-0.0085765412495972,0.0281286780021143,0.999566744594194,0.0534412398188912,-0.0190328102930597,9.861425509804235,0.0231918363899045,-0.0257083108337344,0.002162761871593,4.2658070403097845,-0.7086540615730254,2.0985593236997984,1152.120762987212,1129.5109104103904,1133.5969223216011,1146.4598000864387,124.77851970486864,102.50028261356633,-687.8085540912825,268.84746224386504,158.03348253947135
46.7175,1.0660645347326247,0.5197836012191503,1.0159132596811031,0.0076688291399752,0.0061730058887073,-0.0182626729279434,0.00106944028778,-0.008578665111818,0.0281317586428683,0.999566630203628,0.0508298686281565,-0.0165549221732031,9.85734163794387,0.0230683500845346,-0.0254258600926775,0.0023425783089906,4.265869974575658,-0.7087127672130545,2.098573198373179,1152.3430837513215,1130.0082690027875,1131.9081519731628,1146.9898915870447,48.680008787640574,287.453261318285,-626.3703147391665,120.9348727986898,158.0336246855995
46.72,0.9050115092626048,0.5132366082634545,1.2219935486115667,0.010281954532126,0.0073414198234288,-0.0146196326672276,0.0010875525837936,-0.0085963871057992,0.0281412961955908,0.9995661949257838,0.0481016477316251,-0.0140763167319686,9.852930716544442,0.022927688620883,-0.0251435020511679,0.002492093265947,4.2659355602680415,-0.7087682282260616,2.0985896699375295,1152.36416303115,1130.9481767169807,1130.4650707479084,1147.0644744504316,-23.545769182043617,462.13156616562634,-549.455783612885,-63.732692909765454,158.03377337675968
46.7225,0.6344957940490163,0.5409037311808211,1.358932795651092,0.0116169655569997,0.007654359193042,-0.0096781996250618,0.0011068828277672,-0.0086218485033715,0.0281547328807173,0.9995655784127196,0.0451533869771437,-0.0116039754502289,9.848259457906275,0.0227649820011425,-0.0248631383428787,0.0026095423812243,4.2660030206259,-0.7088209940373902,2.0986076417498314,1152.2253549054112,1132.3189268336168,1129.1608730550968,1146.6712281224957,-63.27230132789228,500.66245480481336,-403.2867691065104,-193.0469190046928,158.03395802780977
46.725,0.3768648404111274,0.5920806221952613,1.3797636680496703,0.0118689121731864,0.0078450687443791,-0.0057215866429322,0.0011224716881011,-0.0086449289027764,0.028168219220461,0.9995649817594896,0.0418463924223766,-0.0092288581588405,9.843399405252372,0.0225763533135676,-0.0245858576519715,0.0026945850729895,4.266070883084227,-0.7088719631957972,2.0986260752016923,1152.0478015245103,1133.451488991006,1128.4486369023748,1146.0992398554076,-65.1507559375797,409.5998802495248,-224.4895191625569,-225.7123570369692,158.03411634379555
46.7275,0.1096486032716318,0.6527623696762557,1.3165369981834472,0.0121281120521212,0.0091141827048429,-0.0025312574530846,0.0011275781594137,-0.0086617682156519,0.0281781555953453,0.9995645479139036,0.0381736962049613,-0.0070798613627799,9.838421926445092,0.022359156302854,-0.0243117753989021,0.0027481320318752,4.2661384664488375,-0.7089224221085006,2.098642998630017,1151.8996011257236,1134.3669262348626,1128.0384254592852,1145.5426663373119,-43.99655772938354,327.35081684328713,-149.73704011300995,-181.50807963743128,158.03427866006828
46.73,-0.2077023377675137,0.6997160596695202,1.1652001244868189,0.0126960737623539,0.0120495263521917,0.000518189545943,0.0011182865043321,-0.0086726043535221,0.0281832991621868,0.9995643157555452,0.0342175711516337,-0.0052331630000877,9.83339439126798,0.0221119884717982,-0.0240400321516347,0.0027725562317714,4.266206045703422,-0.7089735343724864,2.0986572312904124,1151.8278187358633,1135.088243075223,1127.6999517018091,1145.19169945722,-7.603930121372942,200.47303394384215,-129.83599276019683,-46.48418893968833,158.03447771115378
46.7325,-0.456751153244042,0.6948275866350804,0.9887917275929244,0.0128197780477317,0.0149460323118311,0.0027646065925137,0.0010953536360469,-0.0086779442559294,0.028186040481424,0.99956421442169,0.0300724733491694,-0.0036750274478029,9.828377467375148,0.0218346745320004,-0.0237689461988613,0.0027716236527829,4.266272830407045,-0.7090264684156072,2.0986683453278774,1151.8615814751167,1135.3692914045823,1127.389245495484,1145.3102453926133,21.050956992049624,60.95496708991136,-159.3562841136275,143.29431280020188,158.0346471216778
46.735,-0.6622917175379816,0.6348734600028715,0.7686744349147862,0.0116963659421065,0.0173500589786888,0.0050829034228611,0.0010651117195306,-0.0086830909095046,0.0281894627628613,0.999564104307986,0.0259306708769488,-0.0022878696528227,9.823422131395665,0.0215284410012229,-0.0234961623752427,0.0027498751399766,4.266338017592549,-0.7090819142883483,2.0986763854341697,1151.9330735208234,1135.3930179106724,1126.903170281242,1145.9081710212204,13.610075216631545,-21.90163191174877,-268.61608575013526,355.6259201304328,158.0348204462988
46.7375,-0.8151596301500663,0.5098543945373708,0.4629598362304752,0.0087337017281751,0.0192323923653855,0.0079114502026439,0.0010381123578361,-0.0086873813255581,0.028193120258669,0.9995639913569964,0.0218659587769961,-0.0008721232173913,9.818569672502115,0.0211959500734637,-0.023218889965838,0.002712573846004,4.266400904507031,-0.7091392351217296,2.098682314328968,1151.9296318512,1135.2597832450235,1126.0461650667323,1147.0883749932664,-38.08627677069906,-57.23560819557661,-355.4683562415449,481.5283506573716,158.03503359186763
46.74,-0.8359143051266879,0.3763341099859781,0.1880769688258998,0.0053986077314415,0.019954187546745,0.0097512901176636,0.0010215070465176,-0.0086842132058835,0.0281940318796194,0.999564009307058,0.017827839684986,0.0007036946974527,9.813852649005609,0.0208410318399821,-0.0229344194990617,0.0026649483706621,4.266460733310404,-0.7091978523853407,2.098686642503546,1151.7426421369698,1135.1068398696943,1125.125828500033,1148.3158127745085,-133.27894022744047,-55.63991891759146,-390.2434855803133,498.98403315855734,158.03521619865944
46.7425,-0.72928583251489,0.2287600634335209,-0.0743164892773828,0.0019061936784712,0.0200613814798622,0.0101729998454508,0.0010186583869763,-0.008665705906253,0.0281891018013912,0.9995643111898954,0.0137314190263116,0.0024931919655748,9.809294204079972,0.0204682905559929,-0.022640562837813,0.0026116943682226,4.266517061957118,-0.7092567533246114,2.098690146963932,1151.263237150063,1134.9815836504358,1124.0949476388328,1149.583295159057,-245.6865085601709,-42.25953234585383,-407.29618671890177,480.6534435462987,158.0354050721758
46.745,-0.5230221412285244,0.0759895788143932,-0.2924649646182612,-0.001082890828522,0.0200783053077993,0.0090895318197713,0.0010256815788764,-0.0086321205630766,0.0281761454696622,0.9995649589041746,0.009638870220144,0.0043998894916156,9.804908806229983,0.0200827314711764,-0.0223359144977725,0.0025562676882319,4.266569901528281,-0.7093148906248653,2.0986927973588685,1150.51420959417,1134.8955422079655,1123.0893475664407,1150.7190799922375,-356.2256893683294,-28.5346007264106,-365.62436676289906,386.6148814616122,158.03560014932424
46.7475,-0.227095757249107,-0.082360685167973,-0.419002876242319,-0.0026781343723869,0.0202649191117757,0.0066638342201333,0.0010348482863599,-0.008586133577127,0.0281536426681517,0.9995659790270855,0.0056477207432026,0.0062482254853648,9.800703082194227,0.0196893430711075,-0.0220198660240267,0.0025012086776506,4.266618867071609,-0.7093716505570165,2.0986948763426887,1149.4821087032208,1134.8389106468037,1122.266825805017,1151.516369566366,-491.3917942434396,-29.05965392054318,-288.5933217036724,236.57581220397051,158.03580402214456
46.75,0.1720263222701844,-0.2787705666009124,-0.4382119959609775,-0.0026097683307699,0.0203854625033615,0.0035638405121436,0.0010439608748706,-0.0085317999267425,0.028124462946752,0.9995672569795154,0.0018763421259314,0.0079692713386968,9.79667470351149,0.0192925183354921,-0.0216926269719144,0.0024485286690228,4.266663981852489,-0.7094269658052441,2.0986965854440287,1148.0572506229516,1134.7502439383627,1121.6463809579216,1151.9019590532582,-524.619660963776,-46.91730493354672,-156.48091099147356,31.107676018728952,158.03606041467353
46.7525,0.493742676935642,-0.4425181734778518,-0.3459139472946104,-0.0012300160108101,0.0200348552505618,0.0015129465896721,0.0010530882014032,-0.0084737062718132,0.028097195712875,0.9995685110686636,-0.0015537656169382,0.0095384048647373,9.792815127160338,0.0188955840765875,-0.0213551526181445,0.0023995530116466,4.266706106936113,-0.7094806620753825,2.098697976060198,1146.8590103984043,1134.604324122136,1121.4844212500607,1151.6719079464594,-445.266252032388,-87.66443202985165,1.5686975686540952,-206.63427288562505,158.03628488407148
46.755,0.7539632133613169,-0.5915141287597586,-0.1659015511797499,0.001193637815699,0.0188875197379324,0.0003379390021397,0.0010652158449168,-0.0084185766543095,0.02807959571439,0.999569462489786,-0.0044872510195826,0.0109875086842782,9.789111307447705,0.0185007596227734,-0.021008735018329,0.0023548537036779,4.266746828689308,-0.7095325403682398,2.098699175748859,1145.8309193627883,1134.3119217782132,1121.6542244457648,1150.8687876888296,-379.8247901403887,-175.8499223543377,121.46488357819332,-461.7924849234808,158.03652163634544
46.7575,0.9531621105112464,-0.729908994723419,0.1052039036463727,0.0050905452884272,0.0165721675061084,2.4366264901511513e-05,0.0010794938611719,-0.0083752212616833,0.0280739590744057,0.999569972387813,-0.0067399754194239,0.0122731664192228,9.785549850345694,0.0181091880517535,-0.0206547235573259,0.002313956630109,4.26678842708959,-0.7095827515232733,2.098699921011871,1144.9598864477011,1133.725074510364,1122.091745667952,1149.3629455218409,-246.81928959134603,-257.9683898374314,169.18960998907022,-612.7908220360157,158.0368209757302
46.76,1.0091406125446722,-0.796265844985899,0.3379479326634338,0.0088328305257365,0.0140492924054123,0.0006889279840231,0.0010967809635517,-0.0083498515122468,0.0280776371348263,0.9995700619412308,-0.0081864081231895,0.0133885864046927,9.782117586851863,0.0177210064232783,-0.0202944022669651,0.0022757264867349,4.266832524877995,-0.7096315239057366,2.0987007611044723,1144.5968229148327,1133.0220798290272,1122.5001724957094,1147.8048335786523,-73.87233405089178,-319.00376383006966,135.61204790387248,-645.4697286597701,158.0370837472208
46.7625,0.9537268322396903,-0.8024431013927695,0.5311728674498938,0.0122212801241201,0.0112891285734883,0.0023082787854738,0.0011176187732878,-0.0083411285222442,0.0280874176251042,0.9995698318143034,-0.008855116824662,0.0143278720135272,9.77880414918307,0.0173355371280097,-0.0199290842571563,0.0022384540052386,4.266879558910675,-0.709679340376134,2.09870296746789,1144.5905247774467,1132.1300556912129,1122.7698059074717,1146.1355968785404,53.5512444647519,-415.2328958637249,53.22667483334959,-717.3111351934464,158.03736093544276
46.765,0.7872619579893491,-0.7457785653583184,0.6711098177221164,0.015060086878936,0.0082990346606304,0.0051959830133226,0.0011391437678256,-0.0083436123583244,0.0281030304385842,0.999569337503908,-0.0088608915611864,0.0150248641607507,9.775604399354009,0.0169517138480794,-0.0195602223359333,0.0021997218511888,4.266928191411365,-0.709726381599002,2.0987077856694087,1144.8645791371569,1130.9459153497075,1122.7663058698763,1144.2182779026832,119.9257232811032,-431.7930570161769,-68.95265386480692,-665.7763390152611,158.03771074118663
46.7675,0.5954122206001982,-0.6597025739262125,0.6881069682312629,0.016359477071585,0.0064870100484089,0.0080388855097835,0.0011599077317688,-0.008354262236495,0.0281251561495692,0.9995685872697336,-0.0082749777407253,0.015444137361801,9.772518079599699,0.0165686864457608,-0.0191893284515939,0.0021566661902509,4.266976540612829,-0.7097726515873697,2.0987155324972626,1145.1901533938517,1129.971090406134,1122.425042638148,1142.806715183467,118.00995488377669,-360.0542443538393,-206.5029838299632,-511.4454892291745,158.03801695301584
46.77,0.3833441896124696,-0.5569700916819778,0.5925196905054407,0.0166390813328376,0.0054717903744366,0.0107566569972084,0.0011767046183911,-0.0083736602546788,0.028153734019075,0.9995675833519124,-0.0071032309790884,0.0155184615953947,9.769551627818249,0.0161861639405059,-0.0188179601058121,0.0021062354218024,4.267023877543428,-0.7098183929319016,2.0987248254492648,1145.454628911576,1129.1456441279374,1121.733790950726,1141.661050456536,78.19070754485983,-287.5061742074088,-322.09739750362024,-412.0560318123518,158.0383391126339
46.7725,0.1731384440299291,-0.456641844323842,0.411803582464422,0.0163268499847316,0.0049020903205721,0.012952040849908,0.0011905093496195,-0.008402567307452,0.028187199807594,0.9995663638361412,-0.0053504442309267,0.0152668368295869,9.766716802069807,0.0158045182915142,-0.0184477041466835,0.0020458837538814,4.267070801173028,-0.7098631209992269,2.0987344135773247,1145.581106931576,1128.533559535096,1120.814555650629,1140.7464350244043,8.819992197421762,-178.78127145443503,-394.3715553592432,-313.6043924375496,158.03867519937702
46.775,-0.0263546339466628,-0.3707872898637587,0.1547252551894194,0.0158432688960148,0.0044456435289846,0.0141947721871172,0.0012030655721452,-0.0084321888446082,0.0282237198621594,0.9995650529634748,-0.0032120242674166,0.0147333665803876,9.76403206318371,0.015424750399589,-0.0180802426114158,0.0019739219561558,4.267117246388439,-0.7099061443453833,2.098743693568179,1145.498728872563,1128.251737770666,1119.7619331739315,1140.0930284943497,-79.94729375027875,-38.7466399590523,-446.8917575225975,-232.0408813362696,158.03902916326032
46.7775,-0.2580563191102819,-0.2882649949408313,-0.1935556607832171,0.0151787899653288,0.0036313055651382,0.0142808812043942,0.001214714589053,-0.0084501362527561,0.0282594172481932,0.9995638668742968,-0.0009592935695294,0.0139413548558788,9.761522663871121,0.0150486500646855,-0.0177172447461763,0.0018892574227394,4.267162137048417,-0.7099474234458111,2.098752765052713,1145.1813704628244,1128.3398263353008,1118.580096863015,1139.5862306177223,-141.49864903462947,103.93184683311259,-384.90305983394455,-139.94305417179137,158.0394762813897
46.78,-0.4541310140446321,-0.2350086286525443,-0.4766647724028019,0.0144515797238242,0.0028910645994064,0.0131361394633716,0.0012236284533,-0.0084465347345176,0.0282892167081595,0.99956303903474,0.0011794439707371,0.0128749001080805,9.759219802237501,0.0146787738018047,-0.0173602794799288,0.0017911734915047,4.267204176955,-0.7099871882216575,2.098761680429022,1144.7912356273896,1128.771397004832,1117.8374178747608,1139.3933132234904,-165.4651143634196,242.31449581015323,-215.27162865155813,-24.254731458017208,158.03986896121924
46.7825,-0.6653348300986281,-0.196152122335611,-0.7067232912978814,0.0137965752759845,0.0023456380051615,0.010878052118989,0.0012244696190505,-0.0084185142759226,0.0283073427778509,0.9995627645861453,0.0031058770388203,0.0114499483351323,9.757159551227485,0.014318261610448,-0.0170107066173171,0.0016791687356703,4.267242731845803,-0.7100254828444524,2.0987696310155712,1144.3540448910082,1129.5513988143505,1117.503738719758,1139.4649569604323,-187.89782689149823,411.6525526550672,-39.04047849303246,104.2824414590917,158.0402844598829
46.785,-0.9416730552300956,-0.165778576425773,-0.8812666175847843,0.0128237875599401,0.001776667258372,0.0071738564976117,0.0012195271388103,-0.0083726043471243,0.0283087952593802,0.9995631238580384,0.0049051112079714,0.0097297463762141,9.755377825383336,0.0139704729198293,-0.0166695529706728,0.0015532398835579,4.267277986937428,-0.7100622056834581,2.0987760215641345,1143.8517464929316,1130.8296597681083,1117.6422154822956,1139.914725430786,-175.40458688386147,511.5742274154056,132.2180489335784,233.83590496752592,158.04081201229934
46.7875,-1.1821484245831002,-0.1543244777748001,-0.926900445217772,0.0112357558853295,0.0011684676551847,0.0037262384973094,0.0012111153739159,-0.0083167784362949,0.0282929359122655,0.9995640634480853,0.0066878683582954,0.0077804400532924,9.753911662230054,0.0136384649325208,-0.016337517837557,0.0014137466903418,4.2673099570312605,-0.7100982406809802,2.0987814431911858,1143.4770219565885,1132.1092699514288,1118.1648289644263,1140.6341364852703,-142.0835482772346,532.7990294006511,266.4067573746856,362.1619092113744,158.0412776991817
46.79,-1.4056055913750662,-0.1599143755115065,-0.8714656233359612,0.0086102444165597,0.0004996857277405,0.000610164829301,0.0011998164819355,-0.0082569575397379,0.0282654297177674,0.999565372460156,0.0085228781422881,0.0056380277265073,9.752798486040913,0.0133245638509564,-0.0160149567913761,0.0012613340620034,4.267339103387489,-0.7101346248808929,2.098786561557904,1143.141328751546,1133.4936549151091,1118.9742492691676,1141.7255349768411,-145.50978892659091,599.6872483951053,381.61908062446423,552.8966761904385,158.04177260497448
46.7925,-1.6074463092206552,-0.1949374499011802,-0.7147610319852055,0.0040048985671777,-0.0001607737810859,-0.0022039192331543,0.0011890124437902,-0.0081984981240111,0.0282367258370336,0.9995667060911892,0.0104693255828312,0.0033948559244578,9.752073207387816,0.0130300992892509,-0.0157018810239276,0.0010969828049753,4.267366034437376,-0.7101718216835728,2.098791397886101,1142.7494730119552,1135.1077061934059,1120.0729243675496,1143.398619866224,-147.39308765457926,557.6505524388598,397.4343453727001,651.1080125540353,158.04240257006148
46.795,-1.6845221182978047,-0.2570634372401529,-0.5383832008493473,-0.0011546255517999,-0.0004809084735666,-0.003471491370047,0.001178821444996,-0.0081493756319286,0.0282110541859189,0.999567877963961,0.0126343241339602,0.0010779762475592,9.75176828761392,0.0127554921404743,-0.0153978617739219,0.0009217377430805,4.267391809863939,-0.7102096003383941,2.0987957884383697,1142.4043633132728,1136.2819076773048,1120.9614209960323,1144.9810750396132,-146.93593035280804,404.4586360681064,329.37017910574406,632.418578630752,158.04295914010217
46.7975,-1.6365710249453163,-0.3638562672111987,-0.3510132643486111,-0.0068301369050572,-0.0004185209703331,-0.003661398387302,0.0011690764971187,-0.0081168658473252,0.0281873222252704,0.999568857320033,0.0151120917283418,-0.0012913535591136,9.751911575099284,0.0125000551567289,-0.0151022618829522,0.0007369117463808,4.267417913942283,-0.7102471244156568,2.098800040126717,1142.0147933601916,1137.1299993737443,1121.7197752630768,1146.560712759375,-164.98486005739977,267.0654265829851,275.9727830707968,598.6934022845281,158.0435501589536
46.8,-1.480317814543518,-0.5096160470900662,-0.1752929694288752,-0.011958506841037,-4.640565859106796e-05,-0.0034684386636117,0.0011568621715806,-0.0080998939345749,0.02816637918727,0.999569628206083,0.0178372550179328,-0.003741425536457,9.752526218057183,0.0122617915727645,-0.0148145669682316,0.0005442399711674,4.267445200187363,-0.7102838616317452,2.098804727198215,1141.5794390129854,1137.6172348102205,1122.3412849113868,1147.9745420510371,-184.11133806561924,94.69887900467869,216.06764821133623,492.102351479046,158.04417083823594
46.8025,-1.2111161851463519,-0.6880982740227093,-0.0261014983781306,-0.0157227255212,-0.0001806890851976,-0.0032444917895869,0.0011405218367307,-0.0080952423808387,0.0281497013094257,0.9995701747050172,0.0207093196422998,-0.0062759340676658,9.753627827679415,0.0120376640676408,-0.0145343927627532,0.0003459112461054,4.267473747737792,-0.710319906149512,2.0988096187555114,1141.0942366698632,1137.6034937687682,1122.800113504134,1149.0212245167716,-218.52432337420265,-124.56642713234449,167.30995630097578,349.73516247400744,158.0448284359876
46.805,-0.7984144890889983,-0.895680706121011,0.1182215344865686,-0.0187374043724165,-0.0023359101871177,-0.0029842364556454,0.0011202243190841,-0.008101323310679,0.0281382056788959,0.999570482939566,0.023667452672459,-0.0088654046944101,9.75522284769069,0.0118239130715119,-0.0142614729203826,0.0001445946178845,4.267503339037424,-0.7103553250058317,2.0988144264128263,1140.4868173961152,1136.9944026745593,1123.177834692891,1149.7232178634058,-218.14295957707887,-312.38795380501176,111.66673592557495,161.43486253869145,158.04566148115197
46.8075,-0.4143957620447409,-1.0210086396921123,0.2104547979422834,-0.0201346361382827,-0.0058825863704641,-0.0026973885553331,0.0010968639792945,-0.0081205140760573,0.0281311862826088,0.9995705526825016,0.0267359692133625,-0.0114702066103686,9.757307569254989,0.0116163622158805,-0.0139956482086154,-5.657132293760054e-05,4.267534552866864,-0.710389575547993,2.098818334040427,1140.0035218719788,1136.0415539997443,1123.3584471837614,1149.8283988294643,-173.3598877967347,-446.70762969631033,48.93296908905766,-44.32472190671894,158.04639291290323
46.81,-0.029969926026187,-1.05653915435645,0.2745787527560497,-0.0203255025201877,-0.0102028142469275,-0.0023912612039305,0.001072166374596,-0.0081560715867495,0.0281280392742049,0.9995703739790252,0.029964906490357,-0.014036911838755,9.759867581270134,0.0114106771286406,-0.0137368862863002,-0.0002539070884682,4.267568515118974,-0.7104224434599387,2.0988203093654105,1139.6200179571313,1134.7608645260766,1123.4224995383363,1149.501594253872,-122.87487428782777,-589.6747600331929,15.064207007927987,-211.85447333312445,158.04716317139437
46.8125,0.3883240456954825,-0.9809684989875213,0.3161551505376937,-0.0191074729526991,-0.0146841039082005,-0.0018207510584838,0.0010463759534385,-0.0082085634137329,0.0281286884904095,0.9995699462854252,0.0333588353383295,-0.0165416824406074,9.762878334216996,0.0112027813734696,-0.0134852195128089,-0.0004433121273341,4.267605414660244,-0.7104537401240916,2.098820047838363,1139.3891475005391,1133.093180199577,1123.433768218801,1148.769126462798,-28.08800658879417,-589.6078467067942,10.831960405049204,-296.6967295129477,158.04813180803148
46.815,0.6755497124491918,-0.8309953747939021,0.3155054331696042,-0.0170354318215653,-0.0171210266783399,-0.0010377755053961,0.0010206464792745,-0.008271235623415,0.0281330402714442,0.9995693280219194,0.0367865279515534,-0.0189414010865323,9.766305190733304,0.0109893877183264,-0.0132406258426369,-0.0006203453198,4.267644103416145,-0.7104832339637321,2.098817310653604,1139.4795779241874,1131.8128252925453,1123.4766593403615,1148.0181106063087,114.2703209829376,-439.2255735144344,51.317264485734206,-296.20010300621595,158.0489750164801
46.8175,0.8805072304535062,-0.6174101808946318,0.2694623054471351,-0.0143503674394227,-0.0184573388668601,-7.372209635547005e-05,0.0009966910170936,-0.0083354669803373,0.0281389917909317,0.999568648525172,0.0400850945644811,-0.0211838196794053,9.77010350351444,0.0107684896766493,-0.0130028500016136,-0.000780665778737,4.2676829854529785,-0.7105113343895724,2.0988125219196982,1139.9604991054543,1130.8970523320036,1123.69035454123,1147.2881259477663,312.5272494635048,-277.6042291999546,163.9504945837032,-287.2768408404121,158.0498538792074
46.82,1.0269793124470412,-0.3174528056255335,0.1546231459862614,-0.0108348680482021,-0.0192471625725306,0.0011147598624981,0.0009745311501025,-0.0083966765032262,0.0281422420718549,0.999568066316793,0.043172220174718,-0.023255048837682,9.774219302550334,0.0105395919060788,-0.0127712679961937,-0.0009204977239995,4.2677205127380216,-0.7105387543518848,2.0988066220610535,1141.0422141715055,1130.4248041465448,1124.2964118132807,1146.581726402106,474.8946602501063,-57.09222447736201,294.6356680537925,-220.54938260782413,158.05094694876078
46.8225,1.0730103701358935,-0.0470272092953396,0.0092671429587791,-0.0077125661778277,-0.0194418222066302,0.0020015885817274,0.0009551673329073,-0.0084474248892926,0.0281388023520539,0.999567754365568,0.0459114656086154,-0.0251238836238718,9.778590888793886,0.0103036464827451,-0.0125448768347697,-0.0010365900770382,4.267754849351699,-0.710566207961193,2.0988000388125654,1142.3349724067027,1130.6115912096172,1125.1635328814975,1146.185379034728,571.9076119387212,185.65430251096183,421.89623999421445,-120.53943881053983,158.05188731401182
46.825,1.0586534346504752,0.2318535603651717,-0.178065771902189,-0.004938996026448,-0.0193999531093747,0.0024872843509281,0.000939397769371,-0.0084826117524707,0.0281265678093664,0.999567814027669,0.0482115323231859,-0.0267680051535983,9.783150162448328,0.0100627503379665,-0.0123223395632612,-0.0011264686241831,4.267785379702855,-0.7105939873198436,2.0987918268442938,1143.9017522312008,1131.3530756591,1126.4058930132528,1145.979029208053,639.2658352507536,367.0277733528051,543.936329809907,-60.38482758332614,158.0528546059128
46.8275,1.0136310335668968,0.5089963533626787,-0.3844979117542757,-0.0028324512413109,-0.0190231884033015,0.0022690788769657,0.0009292594491198,-0.0085024006735932,0.0281057855823292,0.9995682348577052,0.0500828130524264,-0.0281476093878986,9.7878238449538,0.0098197020944748,-0.0121020766644875,-0.0011885938339286,4.26781297017373,-0.7106225540058136,2.098781589933037,1145.531301582958,1132.4467300763822,1127.8832145305485,1145.8834548968111,618.3354988195046,486.2187322569172,613.0215012426679,-26.887093769325368,158.05384108450218
46.83,0.9538572821879272,0.7684556037094306,-0.5865827667800027,-0.0014495125807956,-0.0177974475606907,0.0009108029943284,0.0009306544124504,-0.0085076700423885,0.028080086180366,0.9995689017714938,0.0515489911943101,-0.0291514581971967,9.792535838283785,0.0095775733790429,-0.0118824296752047,-0.0012224130136039,4.267838997027972,-0.7106520667468125,2.098770524627743,1146.9934297252955,1133.7841693203825,1129.4710005194631,1145.8445937392064,545.0655159699576,596.6205270846007,669.3495068451953,-22.84242465474304,158.05484661030476
46.8325,0.8800460505704086,1.0316935884927532,-0.7870751671431148,-7.849396135052524e-05,-0.0149797245057425,-0.0017680436108002,0.000948045566711,-0.0084987268720819,0.0280528810927457,0.9995697131044836,0.0526175239738908,-0.0296997112776112,9.797211073984409,0.0093395262540185,-0.0116617636686141,-0.0012286276918672,4.267863615948718,-0.7106822515771127,2.0987603664421224,1148.2566291628093,1135.4298327118067,1131.229962064776,1145.7692427735376,350.25377423344526,581.2601269439465,582.832061465726,-42.7821726255624,158.0560697264352
46.835,0.8135827882232733,1.189876173244073,-0.8976445774469598,0.0013768986387413,-0.0117204096662663,-0.0045220260479226,0.0009778679122197,-0.0084757100762734,0.0280261868785096,0.9995706150121824,0.0532835537847442,-0.0298729025195111,9.801779288338356,0.0091086636208135,-0.0114386223546654,-0.0012093143187523,4.267885822453128,-0.7107130062735841,2.0987529455248297,1148.7446985964636,1136.6904699551037,1132.3851608267935,1145.6306828760785,64.22582418528165,460.793517574676,366.871067627032,-77.71029641005744,158.05709850810794
46.8375,0.7246280840299735,1.2662237013131414,-0.9352959694806644,0.0035818555393581,-0.0082630896786603,-0.0076187496207445,0.0010114532338021,-0.0084396252790671,0.0279989649040881,0.9995716367049796,0.0535518905204494,-0.0298549025095552,9.806176399932333,0.0088878460380773,-0.011211875234055,-0.0011675930243783,4.267904978700102,-0.710744042574214,2.098748165083257,1148.5777582837354,1137.733800299678,1133.0643174029096,1145.3806912914877,-210.38534456072887,404.2135775967586,179.55169093006495,-135.84745392529257,158.05813191611188
46.84,0.5698577321403031,1.2539040641425487,-0.8970908041239256,0.0067311322918219,-0.0040525639636014,-0.0110367685640607,0.0010449815305931,-0.0083941794589148,0.0279660686146683,0.9995728947594869,0.0534792026220596,-0.0297381604945321,9.81034390804221,0.0086793899546455,-0.0109808501613007,-0.0011070458257735,4.2679212740048,-0.7107743393095882,2.0987453180843447,1147.6927718736595,1138.7115378430883,1133.2829192814443,1144.9514456064517,-411.7468402376911,318.4417517588107,-8.432050599408518,-174.85336625163805,158.05937097728963
46.8425,0.3950662911695888,1.1571549954421083,-0.8074474890090916,0.0093262390176725,-0.0001942752988841,-0.0130791071443096,0.0010789908729873,-0.0083462794002692,0.0279253971148051,0.9995743887934148,0.0531864334820321,-0.0295325342734034,9.814230406847107,0.0084845574905401,-0.0107454827358449,-0.0010313920956292,4.26793539165576,-0.710803097994184,2.098744132694115,1146.519024082546,1139.326009058473,1133.0221571499123,1144.506424460229,-516.3779509512245,214.23456204830856,-168.6250734970314,-187.86328206118728,158.06039782815523
46.845,0.1866909729667655,0.982780403915636,-0.6772335857655256,0.0110275592440673,0.0034317867040902,-0.0144685508862319,0.0011111269457647,-0.0083010677521905,0.0278823662635394,0.999575925400766,0.0527600600652048,-0.0293038640848937,9.817795051275231,0.0083032052801073,-0.0105062748533942,-0.0009442874153703,4.267949053448494,-0.7108304327460936,2.09874428652896,1145.1108821189057,1139.782710653329,1132.4397939139599,1144.0121291961464,-618.8160484337931,171.93018380808397,-290.9226250120686,-217.05202785931567,158.06141276344283
46.8475,-0.0604469564749152,0.7191580713792957,-0.4928972002797691,0.0110360377758607,0.0061129068547705,-0.0160398334229517,0.0011358063472924,-0.0082599719568579,0.0278444175144573,0.9995772902248325,0.0522142171252185,-0.0291787745326825,9.821008552458496,0.0081338225212704,-0.0102640593742196,-0.0008490911185411,4.267964219910959,-0.7108567102282409,2.09874533978106,1143.4249438403751,1140.1856599775135,1131.5675440248515,1143.421164320932,-580.6871332530803,123.1369164799896,-321.36306675885794,-207.378576546292,158.0626099181227
46.85,-0.2273386082091023,0.4889353029288416,-0.3264592364659885,0.0094306822297876,0.0067413232973342,-0.0171973184705006,0.0011466213874318,-0.0082241157879867,0.0278138653388443,0.999578416516605,0.0515592226388468,-0.0292986429056921,9.823852276168408,0.0079738324886613,-0.0100197995748621,-0.0007487474507823,4.26798218674314,-0.7108824290817893,2.098746158585367,1142.2074464526388,1140.3983952357291,1130.8329785801648,1142.9752363134144,-413.4945916674619,51.55613032989236,-269.9687631027882,-158.69896440622932,158.06358548049198
46.8525,-0.3219393987629503,0.2838551721143848,-0.1598917105138275,0.007121335279492,0.0065273787141492,-0.0177753945768644,0.0011415438163956,-0.0081960262969302,0.027788146733917,0.999579357231365,0.0508395466685706,-0.0297177199977839,9.82631663607978,0.007819957303351,-0.0097745823014794,-0.0006456988625556,4.268002841665326,-0.710906992518711,2.0987465805738266,1141.35747088204,1140.4434406291628,1130.2177002093388,1142.6276694989015,-263.02487783991825,-20.464751415318904,-214.56745576158875,-116.71069385141377,158.06453304579836
46.855,-0.3508241633175388,0.1146312830208071,-0.0042173387895803,0.0050334669199419,0.0063614135368779,-0.0177307606263248,0.0011202510840951,-0.0081763602609832,0.0277673074190123,0.999580107549215,0.0500707522397471,-0.030453379319761,9.828401774462575,0.0076685359731778,-0.009529700096795,-0.0005419747279209,4.268025137711442,-0.7109296239132789,2.098746334786855,1140.8923220634383,1140.2960714786527,1129.7601413013563,1142.3916828441572,-88.01986022308526,-121.3446895047416,-139.94044533753484,-64.17867944534365,158.06545403241708
46.8575,-0.3153853494778275,-0.0062966616047754,0.1269010296111908,0.003886089916198,0.0067227565128052,-0.017047891015834,0.0010828893841863,-0.0081606765282201,0.0277525340829197,0.9995806722213452,0.049175778274732,-0.031508424898717,9.830117707103023,0.0075159496319595,-0.009286502592331,-0.0004392988593413,4.26804753454305,-0.7109503877577859,2.098745350554273,1140.9173715809243,1139.8367171816387,1129.5179979826507,1142.3067761016744,113.0710760781886,-292.22403740194954,-60.07680991475361,-5.968885672751611,158.06633943317192
46.86,-0.2324114315646358,-0.0918408799034421,0.248936075537503,0.003792868597093,0.0073909928817286,-0.0160104429873754,0.0010357536766645,-0.0081481620000498,0.027745960339276,0.9995809929849456,0.0481596960716237,-0.0327642084051272,9.831480946347746,0.0073588331740696,-0.009046215565002,-0.0003392683482987,4.26806951352253,-0.7109696553838054,2.0987446020289684,1141.4576774438287,1138.8349512916443,1129.4597572517828,1142.3618384157935,263.7896835125972,-447.4618180774981,9.666013230612007,37.96155590010007,158.06735687799545
46.8625,-0.1526155321010659,-0.1040427424695807,0.3227489308831261,0.0044750671673555,0.007270300898682,-0.0155182915206385,0.0009870505321585,-0.0081400898166941,0.0277509897832693,0.9995809594290356,0.0470770229879581,-0.0340632170119261,9.832514848229556,0.0071941472121579,-0.0088097761907251,-0.0002434815707736,4.268091297534408,-0.7109881189199502,2.0987448225369034,1142.236319998488,1137.5994080912503,1129.5663280488038,1142.4965838811752,347.78295838805604,-566.7876502703449,60.9266798801543,58.70622229892158,158.06816485699423
46.865,-0.0746791382125484,-0.0368489508268442,0.3714495675772952,0.0050885429357274,0.0058009483508839,-0.0153611778587474,0.0009469704422255,-0.0081393202444398,0.027768727928129,0.9995805101101402,0.04602066419441,-0.0352077886793174,9.833248692661297,0.0070192766222607,-0.0085776949010805,-0.0001534813616892,4.268112958610731,-0.7110064957244688,2.098746513202841,1143.19659223577,1136.0010130402911,1129.7643906511837,1142.6553695272883,424.6296332000608,-750.3926210000376,87.05803197193478,62.600148282365446,158.06892916734364
46.8675,0.0227780254129313,0.1439564401717352,0.396404978369815,0.0048200764333351,0.0035508086428796,-0.0146057867176471,0.0009170448836272,-0.0081495463097866,0.0277959526392673,0.9995797027521912,0.0450999389795478,-0.0361695079549583,9.833718873794536,0.0068321104750166,-0.0083500509956523,-7.078496736013718e-05,4.26813514823885,-0.7110254568856454,2.098748881088687,1144.3594681644863,1133.8474449862535,1130.001618208663,1142.8095846225867,403.14819471732613,-788.4194569561154,69.16105662782607,48.23178707824648,158.0697936734069
46.87,0.1166781299669589,0.3609837289966116,0.3792469857442616,0.0039586676827018,0.0027975526512506,-0.0131258958190697,0.0008992296267146,-0.0081669377255343,0.0278250625374113,0.9995787770695076,0.0442799265539313,-0.0369066911892531,9.833966797881327,0.0066311385546988,-0.0081266208531818,3.514301831832315e-06,4.2681581647160165,-0.7110443883949932,2.0987512672357185,1145.2123332093547,1132.058915755514,1130.1101959343223,1142.8965284626793,297.5961314786515,-658.1880432091382,4.605683635188515,34.70937325576458,158.0704685389773
46.8725,0.225072528832691,0.5986793628113575,0.3128633367494392,0.003332606977467,0.0041864905533803,-0.0110169547134449,0.0008967216604633,-0.0081842597261219,0.0278485388471226,0.9995779975913388,0.0434621672037019,-0.0373510652445862,9.834036629048825,0.0064155274994236,-0.0079070649040707,6.872288528034359e-05,4.26818133241756,-0.7110625969348155,2.0987538604917098,1145.8474488218803,1130.556504770206,1130.024646626839,1142.9831314888656,222.20908658616733,-534.5808311955345,-98.14950193107943,58.620688921716486,158.0710938500961
46.875,0.3520434538262154,0.8404293304197284,0.1841514836287469,0.0036589644386923,0.0076818468739446,-0.0087495224429964,0.0009062210701948,-0.0081932473157204,0.0278637924467273,0.999577505246022,0.0425262762663465,-0.0375616121337474,9.83397502610579,0.0061851829584685,-0.0076910333095409,0.0001243902723646,4.268203392422423,-0.7110801649938987,2.098757041988035,1146.3233786422863,1129.386011599535,1129.6194484246669,1143.189631907288,131.1568753388939,-292.04223776345503,-200.9602172853656,108.76531920058255,158.0717839366845
46.8775,0.4304958477355612,0.9665017894940898,0.0599421754279306,0.0050365315967693,0.0113137499615663,-0.0079634951326441,0.000923094328762,-0.0081880152736375,0.0278737495178939,0.9995772697758424,0.0413980607935721,-0.0376252960492002,9.833828045904486,0.0059407659812129,-0.007478151724284,0.0001703861795444,4.268223336316999,-0.7110973211679398,2.0987607877199577,1146.5032331985742,1129.0962935813902,1129.0198455404131,1143.526958084868,40.05390356085397,42.477248186720416,-283.7558569624347,180.44323717144695,158.0723063393102
46.88,0.4513466036387252,0.9902344916965377,-0.0385063478289772,0.0073009842957526,0.0149493535068666,-0.008836958570332,0.0009410257320092,-0.0081686585995462,0.0278795190915806,0.999577263908367,0.0401169099996062,-0.0376663405343175,9.833639247895087,0.0056836798025678,-0.0072679108970124,0.0002069179913164,4.268241452029519,-0.7111139111652515,2.0987645201855885,1146.5236481600907,1129.5983978404688,1128.200669139854,1144.0918480931457,-5.385252525636107,326.6380024828925,-348.13636216831964,261.3437933088817,158.07277088046183
46.8825,0.4124146753952002,0.9287200484278222,-0.0847525123385035,0.0096397933882706,0.018090554262206,-0.0106897564857083,0.0009590980815564,-0.0081406302123313,0.0278800589453649,0.9995774709275504,0.0388256790886213,-0.0377070013702139,9.833446935640994,0.0054158849120378,-0.0070596471043762,0.0002346815526654,4.2682581183029,-0.7111296811224167,2.098768060894288,1146.476306935946,1130.7294835938055,1127.2791637295707,1144.8336770514131,-19.790220548856983,579.2782758870355,-368.3137585594234,321.8738951818267,158.07318483542403
46.885,0.3055638085933316,0.780094037732336,-0.0501379402183138,0.0111899587058618,0.0204220491821265,-0.0125324958062817,0.0009773165989924,-0.0081107074029354,0.0278781235576649,0.9995777585618346,0.0376885784253468,-0.0377534478627225,9.833284324917503,0.0051396610378797,-0.006852581075335,0.0002548289390461,4.268273627992094,-0.7111453994255033,2.098771262675073,1146.4246970573463,1132.4947892199011,1126.3591003470583,1145.7012175690531,-7.828087440380473,875.816417118592,-372.1302476584612,374.9741752472247,158.0735343766308
46.8875,0.1230175484138979,0.5316754947129878,0.0750576046647934,0.0120357090287124,0.0222975905364059,-0.0136484758462557,0.0009962308175392,-0.0080827845973492,0.0278772976386717,0.999577995448528,0.036806483548554,-0.0378010184383785,9.833178980631773,0.0048575535585122,-0.0066457903132841,0.0002689605410718,4.268288252160224,-0.7111615905959973,2.0987739978449045,1146.437166498744,1135.1085656794007,1125.4185124912772,1146.7085479276502,24.05756835131476,1001.137991722714,-298.55214742022514,334.9207462776682,158.073874738629
46.89,-0.0505574321463924,0.2906565992802139,0.2235406985228883,0.0121014789998877,0.0230757340141313,-0.0135344958321034,0.0010155931875309,-0.008055698159891,0.0278765329195187,0.9995782201819228,0.0361715280564701,-0.0378594920056824,9.833152346538899,0.004572381314634,-0.006438251140661,0.0002790555290391,4.268301677624676,-0.711178224914017,2.098776411340121,1146.5449848991032,1137.5004791785175,1124.8663396099566,1147.3758213004423,65.77304093486033,954.2692706427299,-159.35481038869452,203.7711725584848,158.07408912130805
46.8925,-0.2169557385319273,0.0412919819240619,0.3777426530814822,0.0114436382252304,0.0230811413131479,-0.012401713520031,0.0010312625927746,-0.0080310634609065,0.027873488519505,0.9995784893314716,0.035819564387013,-0.038017991716778,9.833218606514142,0.0042871287757331,-0.0062290136385262,0.0002872914300406,4.268313937430841,-0.7111948971784611,2.098778682154376,1146.766031703418,1139.87991203261,1124.6217384393346,1147.7274037904417,118.12405675599037,995.5948285416888,-33.772580075975384,70.69361332529319,158.07422774819327
46.895,-0.3781272695067116,-0.2426796848879319,0.5248545830590419,0.0099366423487262,0.0224342599669226,-0.0099564721685225,0.0010390994938066,-0.0080086599653439,0.027866451660806,0.9995788579616832,0.0357417309095893,-0.0383654673593785,9.833384035553788,0.0040048442301673,-0.0060173187409019,0.0002961029773247,4.268324833454115,-0.7112109673501272,2.098780597153638,1147.1356051828834,1142.4784533212285,1124.6974767095767,1147.7292893670692,143.20337084797703,880.1253974146266,84.646002923639,-58.658323287424544,158.0743021788886
46.8975,-0.4644013180347676,-0.4530944259072648,0.5929483753883643,0.008214967508137,0.0214930514134763,-0.0072470798243535,0.0010343265879746,-0.0079838994238682,0.0278567566190731,0.9995793317912802,0.0358349476651875,-0.0390013167331138,9.833647330250594,0.003728515405276,-0.0058026484521409,0.0003081477286373,4.26833354455376,-0.7112266012981112,2.0987821053275337,1147.4820485576583,1144.2805390196854,1125.044968453953,1147.4341121740044,128.8385702629319,617.7175933119704,188.79468126650752,-146.26102936753907,158.07428453740488
46.9,-0.4923018419584939,-0.623807351460487,0.5967552581876834,0.00647810051193,0.0201846556624498,-0.0046313823623672,0.0010195979335579,-0.0079557209440234,0.0278470886882467,0.9995798424487627,0.0360617623899268,-0.0398805109985721,9.833997218941144,0.0034609355897207,-0.0055846970657376,0.0003262612152628,4.268339816614214,-0.7112419223934144,2.098782464139391,1147.7797980341975,1145.5670412877855,1125.6414501159084,1146.997984220232,96.06952597823324,428.41252988983706,309.79659174261155,-171.99169912987895,158.07418066518343
46.9025,-0.4621220448987343,-0.7698161191444559,0.5450379101930453,0.004902283260081,0.0180383649402882,-0.0024142337041722,0.0010039806468348,-0.0079258884104458,0.0278390942797249,0.9995803197642332,0.0364364500030412,-0.0408325685299356,9.834413461887037,0.0032044993807725,-0.0053633573293089,0.0003533169507878,4.26834429099786,-0.7112569487940547,2.0987810669226254,1147.9623961875495,1146.4226016691357,1126.593951412667,1146.5741536783546,23.036948738933496,197.64717736101264,382.75432389194486,-103.43714360641737,158.07395237348172
46.905,-0.3919755609758715,-0.8338405073337505,0.4799260157126376,0.0042065988456129,0.0156579116629286,-0.0014709962263453,0.000993351751332,-0.0078976031438824,0.0278330670347712,0.9995807237857764,0.03699368520035,-0.0417488305546311,9.834870041109037,0.0029609907674446,-0.0051387470022103,0.0003919093028066,4.2683478823556,-0.7112717346210545,2.098777746299331,1147.8949827778922,1146.555277174591,1127.555221735369,1146.4807985021998,-82.68902114680958,-52.79743663695881,411.1839334387343,42.63526142521425,158.0736729760607
46.9075,-0.2832831512215933,-0.8326968050164422,0.4231607295714773,0.0039356451308573,0.0127881935911025,-0.001273049029785,0.0009920822460829,-0.0078747386155243,0.0278288866407734,0.9995810229279664,0.0377760947818329,-0.0425481333327147,9.835336317316253,0.0027314630559399,-0.0049112520929878,0.0004441071880489,4.268351422273201,-0.7112865236714778,2.0987733315333115,1147.548951081816,1146.1586144859511,1128.6498710798587,1146.7873299854805,-215.67212760067255,-263.054509306905,495.79840317384975,229.22464349082568,158.07329789958075
46.91,-0.1089211655751095,-0.763961318980138,0.3886811438531267,0.0032738755286466,0.0095400536542612,-0.0013954347538073,0.0009979200050584,-0.0078584543903862,0.0278265798898528,0.999581208329896,0.0387666374584176,-0.0432748174305736,9.835780213780351,0.0025162409523433,-0.0046815962009695,0.0005111823863201,4.268355122870817,-0.7113010612843148,2.0987679454249992,1146.8166221398883,1145.2400046280559,1130.0342137512396,1147.6269217196543,-311.31524623585835,-380.83516045402183,499.95805234268,369.4217768123437,158.07273404995098
46.9125,0.0757624093720644,-0.6681985676188326,0.391811992845059,0.0022045482299977,0.0075409971040966,-0.0013226576782246,0.0010091036891448,-0.0078467146960607,0.0278240976109983,0.9995813543639032,0.0398843322839495,-0.0439579396259611,9.83616889706371,0.0023150229754268,-0.0044508851801055,0.000593490911806,4.268358727185665,-0.7113148788055237,2.098761697629216,1145.992374850636,1144.25443868368,1131.1496613415732,1148.6344388695431,-351.90244966543275,-407.0949646368328,407.9679128174193,430.50655531513297,158.07216752772263
46.915,0.295669517085751,-0.5625641125638507,0.4164451573616866,0.0013832645667052,0.0063191787929997,-0.0007568714762138,0.0010231186402116,-0.0078362202480831,0.0278218809964712,0.9995814786390764,0.0410240509864729,-0.0446361474137394,9.836470942737426,0.0021269274812968,-0.0042206466659484,0.0006902912966921,4.268362305375417,-0.7113277212588186,2.0987557848272727,1145.0571098915627,1143.2045298048736,1132.0740533153248,1149.7794544962283,-370.5127037581784,-412.5038827625012,313.90837587093614,447.7626294127259,158.07149902188047
46.9175,0.5264924749159591,-0.4719045250299123,0.4420747861440968,0.0015069426537172,0.0058141692451891,0.0002121120523426,0.0010375000273988,-0.0078210427977045,0.0278203320962886,0.9995816220633024,0.0420312313697588,-0.0453408003203288,9.836658535151626,0.0019505903707919,-0.0039927732424216,0.0007996938874149,4.268365585937017,-0.7113391622936257,2.098751146444268,1144.139811331844,1142.1919192698665,1132.7192032209289,1150.873252016608,-334.25618818388284,-383.7763642757492,166.71808625729335,387.28539337638006,158.07074510623977
46.92,0.7327120783229524,-0.4198447572363847,0.4451452982986066,0.0033793955935223,0.0059949980523286,0.0016838514345847,0.0010478871763594,-0.0077937289066923,0.0278183665495708,0.9995818791410715,0.0427236961283599,-0.0461346987429054,9.836709670977616,0.001784227198347,-0.0037694211134179,0.0009187259898894,4.268368069695017,-0.711348703469592,2.0987489471143226,1143.3858289506425,1141.2856479834938,1132.9076437466117,1151.7158814631111,-262.43066418797974,-368.15975734800134,-38.188325253202656,277.6720200952038,158.06988767782065
46.9225,0.8998438741776184,-0.4087996150209372,0.3963073887630615,0.0074976673643668,0.0060185164524517,0.003989632441483,0.001051460891092,-0.0077574665450455,0.0278155931046775,0.9995822364344156,0.0431343870171124,-0.0470512650951079,9.836607372251066,0.0016256422029498,-0.0035528415528866,0.0010435508347659,4.268369671500721,-0.7113558639574797,2.098749059763338,1142.8276580109055,1140.351120483128,1132.528261594663,1152.2616121170827,-131.8941057738137,-316.6351709393183,-236.39730950768993,112.73846469456346,158.0687390570302
46.925,0.9472367619309746,-0.4316395875915939,0.3019087819871202,0.0116956922424029,0.0052880949021939,0.0061196947820517,0.0010504824342059,-0.0077184848743221,0.0278135716074577,0.9995825978599316,0.0433649332404827,-0.0480212648747637,9.83634123201212,0.0014721988050178,-0.0033451295216431,0.0011698256584081,4.268371681755996,-0.711360890909877,2.098750459441524,1142.726358421773,1139.7024721287964,1131.7256571990727,1152.2795737865843,39.0864994531312,-232.81293330307477,-398.8053712579364,-73.58295404343026,158.06768255073382
46.9275,0.8985969872899832,-0.4642527895548764,0.1582716024020668,0.0153327486452199,0.0038943316106848,0.0076928115935165,0.0010513528475999,-0.0076841297616904,0.0278148133291176,0.9995828294260268,0.0435476513842809,-0.0488910968770596,9.835908530887057,0.0013208964183854,-0.0031479618069692,0.00129293037044,4.268375441171324,-0.7113646210111485,2.0987533096507702,1143.0230905081712,1139.1870558166122,1130.5342347383723,1151.893697346865,207.57063832716767,-195.76143849830785,-567.3078008244076,-228.8911865948457,158.06652401621085
46.93,0.7642202116478896,-0.4879414971148253,-0.0393456611906035,0.0179164838130679,0.0019619713248165,0.0078994191737425,0.0010586604933893,-0.0076619691374284,0.027821845413345,0.999582798271376,0.0438246961027551,-0.0495405103596754,9.835315476298595,0.0011686118199557,-0.0029624321325594,0.0014081276587245,4.268381430619208,-0.7113676905204768,2.098759428593868,1143.764211613408,1138.7236649363056,1128.8891181949532,1151.135117853611,313.4199160355942,-143.6561979061877,-598.3916943437165,-295.2883084637463,158.06501775586946
46.9325,0.6255997340593805,-0.4809332743379737,-0.194556618333741,0.0187461163514535,0.0003848015678275,0.0067741178039871,0.0010734640678171,-0.0076534898039736,0.0278376224209857,0.9995824103939008,0.0442229992990292,-0.0499142869927868,9.834577708717104,0.0010124305219395,-0.0027889899103668,0.0015108961927488,4.268388720816068,-0.7113702645614672,2.0987695528572297,1144.5901900883475,1138.468774827082,1127.5422762666565,1150.417255804548,339.04604990262607,-75.01584215397797,-489.0066373211311,-270.37284913794605,158.06366773560308
46.935,0.4973175367534981,-0.4371902605302344,-0.3106126116294996,0.0192172099507261,-0.0011190772621162,0.0052092970794635,0.0010911778347394,-0.007657803380445,0.0278611125785379,0.9995817075857164,0.044724664640521,-0.0500673530652217,9.833718795131842,0.0008500027538202,-0.0026274356118969,0.0015973882055117,4.268396344308769,-0.7113727266028846,2.098782311206793,1145.459441862922,1138.3485857255357,1126.4440850083463,1149.7832536079206,352.3190431407345,-24.657851948119177,-392.28396453780016,-235.82728824341515,158.06222211297467
46.9375,0.3817820486488229,-0.340767888575566,-0.3894857998311464,0.0199041731527036,-0.0028622574995185,0.0033782906305096,0.0011058512684519,-0.0076731880126868,0.0278859655749715,0.999580886448948,0.0452984453577172,-0.0500830140380784,9.832767302273396,0.0006797488703646,-0.0024769365771103,0.0016649079491695,4.268403660073544,-0.7113748040540686,2.0987967533054728,1146.3517853040523,1138.3454855673413,1125.5808564439665,1149.2381193633303,278.1269669755403,17.53334602223507,-233.6959758810132,-159.80740140390463,158.06038080319755
46.94,0.3275764650513874,-0.2293305623084642,-0.4052769073235598,0.0204862224218575,-0.004143958779109,0.0019989745791911,0.0011179462782155,-0.0076968756519632,0.0279075154644318,0.9995800960235848,0.0458997116294564,-0.0499215148730525,9.831753043828913,0.0005008966579353,-0.0023360338851976,0.0017122527672058,4.2684100241755045,-0.7113764251791628,2.098811623220545,1146.8500766977984,1138.4362524556468,1125.2756051289423,1148.9842166009018,129.13999138761696,46.04347315964706,-48.09567491508728,-66.65743450136006,158.0587609449238
46.9425,0.3229767795405181,-0.1013947976126343,-0.3789548345949125,0.021024458081833,-0.0047728295993501,0.0009691789136963,0.0011273618470628,-0.0077235746006277,0.0279254855559593,0.9995793825783736,0.0464366637286516,-0.0495578880145053,9.83070593477587,0.0003134458570914,-0.0022026631976469,0.001739803795247,4.268415169018578,-0.7113783562425063,2.098825335595203,1146.9974852609907,1138.5757029331396,1125.340378069391,1148.9048321908233,-6.6446798752133525,54.081923614894166,66.68302892595646,-11.57171733088352,158.05705700100037
46.945,0.3608096150193836,0.0229595866959157,-0.3284960928278221,0.0216571040366649,-0.0045096544085933,0.0002711525989804,0.0011376279697021,-0.0077505017182705,0.0279415388937992,0.9995787147737004,0.0468697782525108,-0.0489036029124543,9.829651788968668,0.0001181114719298,-0.0020741808871789,0.0017494712993164,4.26841905211228,-0.7113815702353072,2.0988372289856527,1146.8168532984223,1138.7066620737214,1125.6090202735722,1148.9263580142472,-152.86230447582315,36.69416852361491,124.84528079910417,23.310843609418328,158.0552871901724
46.9475,0.4484053549805683,0.1231579254103766,-0.2615171983459501,0.0225226691069218,-0.0034640548559973,-0.0001008274572604,0.0011536389247724,-0.0077740328469924,0.0279541118240391,0.9995781575710674,0.0471426107692045,-0.0478503362001403,9.828610700631172,-8.379250098683753e-05,-0.0019475297226669,0.0017444593821033,4.268421508540484,-0.7113864127183888,2.0988468070801796,1146.2331737386123,1138.7591737757575,1125.9646044733859,1149.0213864088703,-342.4040507681251,-12.536073069843903,136.86182949120212,50.7413802658643,158.05344313387084
46.95,0.6067429847671403,0.2024379950868478,-0.173342617165289,0.0238445726583992,-0.0020789050735653,-0.0003114709159915,0.0011812169941338,-0.0077923525231331,0.0279597552989309,0.999577815074684,0.0472327375296343,-0.0462807203225987,9.82759456540979,-0.0002905049977077,-0.0018194941306121,0.0017289536265626,4.2684222478859,-0.7113923644129833,2.0988545475138976,1145.1048330445808,1138.643981708372,1126.2933294210286,1149.1800649155768,-471.39540162610024,-82.5672330070152,82.26499679231321,62.642282216270154,158.0511515760385
46.9525,0.778225125205545,0.2362382078032383,-0.0968537617427244,0.025199080719696,-0.0011555303132637,-0.0003834884031068,0.0012219086532115,-0.0078063622170721,0.0279556653088882,0.999577757612589,0.0471663003649471,-0.0441714330862822,9.826606330400766,-0.0005000090397865,-0.0016869620346681,0.0017077854780714,4.268421139788764,-0.7113991474266655,2.098859771715704,1143.8761967304806,1138.3463376107222,1126.3759294573476,1149.3345978199516,-523.7819115036234,-167.70460196836913,-19.113153601682928,63.46030163273414,158.04918176250195
46.955,0.9815343596265166,0.2485016856266751,-0.0163182034686123,0.0267900348309699,-0.0005832112560503,-0.0004197120878609,0.0012730330445077,-0.0078148960025632,0.0279429127199378,0.9995779671585606,0.0469240845050061,-0.0415895408159494,9.82563989411651,-0.0007102629424991,-0.0015471069350062,0.00168609317995,4.268418432364428,-0.7114065019128744,2.0988619074569086,1142.485923487065,1137.805458698531,1126.1977636530203,1149.4973664237402,-603.7131496940314,-290.0404309554568,-134.03437012436788,65.21793587340953,158.04715610069044
46.9575,1.2431859545560984,0.2563506986409366,0.0897701460940237,0.0290053212587909,-0.000221335673233,-0.0004406458804788,0.0013340665857335,-0.0078156511574964,0.0279253951976967,0.9995783528865176,0.0464630695307955,-0.0385671599665178,9.824678670924788,-0.0009193871199101,-0.0013974970528489,0.0016689250698742,4.268414073250328,-0.7114135135750754,2.098860881788892,1140.857630982009,1136.8961354559442,1125.7057576067255,1149.660687499319,-551.7017609590217,-363.8448233192733,-213.00285352265763,42.990657654241495,158.04466866295957
46.96,1.4526701981496153,0.2681358478861284,0.1894514774898428,0.0313786559797803,-6.404634921559353e-05,-0.000405686378268,0.0014015432425898,-0.0078055004526031,0.0279084261488263,0.9995787948501376,0.0457198069265132,-0.0352010996644573,9.823697250171504,-0.0011258382184566,-0.0012361673691947,0.0016607681586414,4.26840814727968,-0.7114198672242189,2.098857822440084,1139.7274146822683,1135.9862345819336,1125.1327493854064,1149.7123197120115,-359.3072026441035,-369.99920959371593,-240.38473976223972,-14.743624231882444,158.0425545439417
46.9625,1.6120065940413528,0.2919677518548844,0.3016208926478005,0.034762713909478,0.0001283028942372,-0.0002182327832781,0.0014745585151322,-0.0077853153918133,0.0278965241300801,0.999579161640812,0.0447083072128958,-0.0315464269282208,9.82266100900076,-0.0013285472690064,-0.0010615918281171,0.0016651994177193,4.268401411103527,-0.7114261305362034,2.0988541072235805,1139.06109496879,1135.0461394079773,1124.5038339079151,1149.5869693781597,-143.56397579351255,-385.57063203418977,-265.49713090639733,-113.20574233389956,158.04040491088313
46.965,1.6860016080886935,0.3322199659643263,0.4442549048140986,0.0402560540514029,0.0006229439293788,0.0003599330195059,0.0015489781592971,-0.0077610021332544,0.0278919659013035,0.9995793508182442,0.0435376166037212,-0.02772963259744,9.821529296730857,-0.0015270064259789,-0.0008727141789705,0.0016846619484483,4.268395038781872,-0.7114326560214757,2.098849588344841,1139.0095948033006,1134.0583814217619,1123.8052637308735,1149.1462910003415,123.24546782368148,-316.1236696611669,-236.8858374252038,-214.63085607527253,158.0377930448015
46.9675,1.6091778182413847,0.3681249508253284,0.5593890495203774,0.0456795756864807,0.0013971807897583,0.0012821592404299,0.0016198043666658,-0.0077392451235535,0.0278910465453758,0.9995794237014444,0.0423295383347798,-0.0238985674238753,9.820258235486975,-0.0017212413792045,-0.0006690270494515,0.0017203324876002,4.268389490866439,-0.7114390849137918,2.0988438722287945,1139.6773223079088,1133.4655210596707,1123.3194047207887,1148.5138150977828,413.9156425948967,-172.94364644387582,-175.90527232198465,-301.8052325645402,158.03559608642155
46.97,1.3576246776058356,0.3945357103992815,0.6526639673239522,0.0510702214824778,0.0026299676260115,0.0027835621495875,0.0016834558566595,-0.0077251415490588,0.0278905906600516,0.999579438117626,0.0411755213649123,-0.0201750291834829,9.818803405531412,-0.001911686860309,-0.0004506276184036,0.0017719681769678,4.268384422417351,-0.7114445025115831,2.0988378826831746,1141.0791730162732,1133.1936631895433,1122.9257373692647,1147.6372648375204,664.8984937168061,-54.37887288450785,-152.63192003709642,-378.1251707831755,158.03338552356144
46.9725,0.9586157767284196,0.4055427168407737,0.7127878839939087,0.0558464346465267,0.0041625447159078,0.0047249611050014,0.0017359089919929,-0.0077156162241689,0.0278931551490962,0.9995793544059774,0.0400084614164412,-0.0166862414870381,9.817124086833934,-0.0020990465262175,-0.000218198225653,0.0018377690839284,4.268379084444728,-0.7114483933145,2.0988332567905736,1143.0018147764945,1133.193626695248,1122.5562451206029,1146.623189243866,856.3474367743931,52.3854140318422,-160.26338518350698,-415.8315427148556,158.03116893905087
46.975,0.407674793669868,0.3956499817897164,0.717494969423713,0.0591536913748356,0.0056680424114287,0.0069424438693443,0.0017748509195478,-0.0077027931841753,0.0279009328927916,0.9995791779013002,0.0386698764111615,-0.0135231617711344,9.815185051611245,-0.0022841803900833,2.7082725443404776e-05,0.0019144477528839,4.268372289984663,-0.7114507949795541,2.0988311712255046,1145.3609102001471,1133.4555902597026,1122.1244204433467,1145.558107123945,1077.7402585438974,143.97515297613967,-225.13151749701603,-448.108822046832,158.0289509259847
46.9775,-0.3603243023569281,0.3676133787476185,0.6475861401900206,0.0603553119476661,0.0070172074804218,0.0099344646089193,0.0017957796259834,-0.0076822617032931,0.0279134962723182,0.9995789623920568,0.0370703426370199,-0.0108204232725682,9.812958942536989,-0.0024681168067621,0.0002836573889129,0.0019975288138359,4.268363754409566,-0.7114518493149445,2.0988323974261447,1148.390516069209,1133.913502460128,1121.4305875331188,1144.3826451336336,1097.9836573701343,163.56761163547887,-290.96766342835167,-393.84139834139967,158.0262945300319
46.98,-1.0205300672726183,0.341920566443095,0.527526684152723,0.0584191752455923,0.007712544004142,0.0126253402235737,0.0018015162905735,-0.0076574942387144,0.0279299646357361,0.9995786968659042,0.0352824231538431,-0.0085711427986444,9.810425344373876,-0.0026521672316532,0.0005497807565581,0.0020817870598714,4.268354220773116,-0.7114509328029937,2.098836650993529,1150.8508284870009,1134.2734283178804,1120.6695821262042,1143.588900132237,920.3834326041781,109.35585044761729,-338.0638103282397,-264.8810367522865,158.02408975936916
46.9825,-1.6150620595615623,0.3274281558689767,0.3624116992229448,0.0535760425155988,0.0077087638691817,0.0146351468814253,0.0017961667936825,-0.0076331465764364,0.0279529996647906,0.999578262067476,0.033407274328146,-0.0067410096423222,9.807574621939008,-0.0028380430939347,0.0008236976748727,0.0021616681554704,4.268344955382203,-0.7114480598627899,2.0988439100209986,1152.9924332322323,1134.4602817123664,1119.7402684814767,1143.0582399498717,819.3419678985441,21.714591657766245,-428.515207386798,-171.33999185845943,158.02189909155436
46.985,-2.173372419301468,0.3286844824217317,0.1575607620398218,0.0453503486165953,0.0074210893581262,0.0153542948400807,0.0017852390297803,-0.0076147980239379,0.0279867943267315,0.9995774884351196,0.0315694898909651,-0.0052653671025582,9.804408693333821,-0.0030278052553058,0.0011038305146106,0.0022317324985686,4.268337219852992,-0.7114438880768825,2.09885463791156,1154.9475383264898,1134.3820012761691,1118.527006089272,1142.7322001729456,585.8842724875744,-81.59564912166763,-442.97348085019695,-74.68891246795283,158.01929156788339
46.9875,-2.4794791466134942,0.336475504298561,0.0209424036667331,0.0375190492624012,0.0077922126721992,0.0144456711785721,0.0017753607046671,-0.0076021697656494,0.0280327950816613,0.9995763256115582,0.0297830652575033,-0.0040508514813559,9.800941927939473,-0.0032236793479285,0.0013888901838718,0.0022870763650819,4.268331440399424,-0.7114389585213174,2.0988684466852607,1155.9218545946717,1134.0523034667578,1117.5254010772246,1142.6847953875315,229.9616494911976,-176.43921163808113,-379.8984131700184,15.499863596725191,158.01713955035498
46.99,-2.6234857297959584,0.3286709423399573,-0.0427337252213699,0.0302168944490912,0.0091591479140683,0.0125099690902228,0.0017670954032437,-0.0075921069357387,0.0280852359213504,0.9995749565887112,0.0280047177554889,-0.0031177873035725,9.79720205212373,-0.0034277338612474,0.0016778522566371,0.0023238060104665,4.2683268148006475,-0.7114334174497243,2.0988831572435704,1156.0973465739464,1133.4998052179783,1116.627514023421,1142.8096994909292,-120.39876893056352,-270.89545960163457,-360.1421542492609,82.41187722131363,158.0150125358896
46.9925,-2.6490983349697887,0.2768023695173098,-0.0230064221015647,0.0229409173318598,0.0115026224085213,0.0104551654877534,0.0017577711659439,-0.0075812402839393,0.0281351767561027,0.9995736620293492,0.0261880521558851,-0.002545896481122,9.793227876319941,-0.0036415605518485,0.0019699708347131,0.0023393261293723,4.268322452654163,-0.7114273481453565,2.098897058060909,1155.3198607500194,1132.697826168751,1115.72469030598,1143.096854773638,-447.75568999197986,-295.3538123164393,-303.0581122968697,121.87096208506034,158.01249220469452
46.995,-2.583669002027602,0.1930066413576615,0.057338698215999,0.0177844736272745,0.0132653705332806,0.0100094073709194,0.0017457120669717,-0.0075655461574862,0.0281768028093666,0.9995726387014526,0.0242780718229518,-0.0023907924510184,9.789066545820344,-0.0038660642608673,0.0022647989975622,0.002332335615843,4.26831729653119,-0.7114216501259325,2.0989093701671746,1153.8585681239883,1132.0230361563974,1115.112223461938,1143.419054301354,-734.8525159917122,-242.704366625288,-226.81583295222697,139.44872960475692,158.0104205746393
46.9975,-2.459646931885445,0.0812315088314794,0.1671578566399867,0.0127138742473305,0.0138921563523918,0.0110119273871142,0.0017320087066547,-0.0075461007207624,0.0282102256131047,0.9995718721073248,0.0223245593097739,-0.0026522151746735,9.784770616276905,-0.0041013711770097,0.0025621209611075,0.0023026882715752,4.268310461581462,-0.7114167353630035,2.098919864601509,1151.6455981700587,1131.4843043356238,1114.5906111412182,1143.794098421662,-982.8254333627658,-172.0656569826162,-205.52989282371925,151.50413390093925,158.0083804746756
47.0,-2.297745885185408,-0.0331694987703156,0.2746079501898622,0.0072599982457821,0.0134349487071632,0.0124725358784335,0.0017177762490664,-0.0075256736712831,0.0282353841165264,0.9995713408166303,0.0204112569203374,-0.0033258052445518,9.78039737060365,-0.0043469697952831,0.0028617155406841,0.0022511327916621,4.268301383990305,-0.71141260855423,2.0989286073785887,1148.9444409571722,1131.162707871484,1114.084573997819,1144.176574970859,-1150.749906346528,-56.14150589900068,-211.25104826333995,141.4504803660215,158.0063675109598
47.0025,-2.09435248721852,-0.1274478802786838,0.3590588865381365,0.0015441764756611,0.0121546938400648,0.0136179931835018,0.0017004975137945,-0.007509195245987,0.0282515787209387,0.9995710312966342,0.0186617711217994,-0.0044744803033105,9.776008030424938,-0.0046019178540966,0.0031631206532385,0.0021790816036181,4.268290810716554,-0.711408991241785,2.0989353821080146,1145.8918486383316,1131.203596806129,1113.5343558999025,1144.5013508234915,-1350.8405855005003,114.3166590866128,-258.655175954304,109.37043910665896,158.00438804855648
47.005,-1.8112186196816968,-0.2035729948143736,0.4201182131080981,-0.004834573298427,0.0105651985094635,0.0145392810432459,0.0016806074659458,-0.0074989546945586,0.0282605533880758,0.9995708759513766,0.0171491033140795,-0.0060963543224998,9.771664787237528,-0.0048650272570223,0.0034654968255667,0.002088265816306,4.268280004393596,-0.7114052341901557,2.098939921568537,1142.1902380296663,1131.7342911669173,1112.7912981180468,1144.7234271663926,-1308.1127487475571,270.97086781009017,-281.5072226910994,40.154718297915146,158.00205190923742
47.0075,-1.5573786597821406,-0.2402689370311966,0.4288900744706916,-0.0091715916116217,0.0097205035561016,0.0154425256433859,0.0016589927723821,-0.007491844836066,0.0282630493907991,0.9995708760471652,0.015838936424291,-0.0081717839588081,9.767430331049194,-0.005134947037075,0.0037674556495818,0.0019804230709987,4.2682687061068245,-0.7114004192194675,2.098942920819072,1139.3512848945904,1132.5584511451802,1112.1268197864463,1144.7021244149812,-1026.4241718562755,388.96924944641705,-259.8052544746768,-61.415740777384976,158.00013784917644
47.01,-1.3104753317309932,-0.2645473528372168,0.381370334863715,-0.0120858473525824,0.0094287897757473,0.0168941065346431,0.0016378218951802,-0.0074831133562863,0.0282584803745017,0.9995710825914942,0.01466282604093,-0.0106487708569172,9.763366155736467,-0.0054101354315197,0.0040670398513249,0.001857068493331,4.268255562389717,-0.7113935473992641,2.0989449701823366,1137.0581171703896,1133.6791374141476,1111.4922718456746,1144.416348462506,-837.3242381894024,525.418655425487,-247.35166355563783,-188.3479461653624,157.99825782152269
47.0125,-1.0500291457044924,-0.2974231175806746,0.2487255252884312,-0.0146209742741614,0.0088989024599464,0.0188001807851126,0.0016191881880634,-0.0074693957224113,0.0282470603567399,0.9995715143012865,0.0135767095346165,-0.0134706270965436,9.759531791982628,-0.0056889027421928,0.0043618688989557,0.0017193862681849,4.268239921594434,-0.7113839664538756,2.0989471154266908,1135.1646637036413,1135.185544422309,1110.8900614686675,1143.760384684154,-537.4517982122576,550.2986186390813,-174.6249574180654,-286.5311737022592,157.9960416674275
47.015,-0.8749357047624367,-0.3373440109314554,0.0766902172752497,-0.0164802332446369,0.0080085639821414,0.0200851165685672,0.0016032328123097,-0.0074585492680329,0.0282285407238395,0.9995721197964,0.012751025789875,-0.0166178029847551,9.755983777654963,-0.0059695816778358,0.0046493670596024,0.0015683504708925,4.26822206527611,-0.7113726052964354,2.098949563127608,1134.370858179327,1136.4306305073444,1110.6191470585838,1142.983692593994,-162.5164014079587,464.5514342388329,-37.3579547533494,-342.2677254189623,157.9942288526785
47.0175,-0.7481603418048755,-0.4005901766677875,-0.1431542115828629,-0.0179834173546584,0.0072630524274966,0.020692759914838,0.0015892683437001,-0.0074606507345829,0.0282059338395947,0.999572740304694,0.0123961012236041,-0.0200806662463511,9.752775440768067,-0.0062507509343038,0.0049270461770333,0.0014047120587506,4.268203156318495,-0.7113606777864248,2.0989522933882663,1134.3520816966022,1137.508301593501,1110.7032716949009,1142.0490460570607,134.98586432267444,406.81499694371377,143.50913802720177,-417.25060315031016,157.99245263374667
47.02,-0.6482355644996979,-0.5150307979173531,-0.4270997654785011,-0.0193059100921966,0.0070187090824377,0.0202304548863888,0.0015800652000083,-0.0074777464381954,0.0281857554693123,0.999573172170335,0.012564666546893,-0.0237704766636866,9.7499559679188,-0.0065313790533677,0.0051926216853577,0.0012289340300382,4.268184229106589,-0.7113486083601258,2.098955418384084,1135.0457875009406,1138.464705492064,1111.3366927487202,1140.8974395782411,334.1240325054624,278.8840611063671,334.99708304349184,-397.8712203190536,157.99036557343769
47.0225,-0.5990199564538806,-0.6436920706753658,-0.6478352675289039,-0.020171168242664,0.0069457400605814,0.0185184405073753,0.0015787049722192,-0.0075073189229538,0.0281737409127208,0.9995732702358172,0.0132171118035007,-0.0275834693309576,9.747570218116472,-0.006810821232645,0.0054439184995156,0.001041361459505,4.268165739079856,-0.7113364171908392,2.0989590927318686,1136.0227018591304,1138.9027218990336,1112.3782571101192,1140.0596899554644,417.3683087982384,87.47993433488544,531.3176583835515,-270.8691991442455,157.9886652612599
47.025,-0.5641110940754828,-0.7902316992400701,-0.8146195147918044,-0.0210922518701617,0.0058830683313818,0.0153792511865595,0.0015878040663766,-0.0075461247170984,0.0281715019705235,0.999573013985778,0.0142955109935432,-0.0314190137391323,9.745657832118066,-0.0070887161140342,0.0056787545868891,0.0008424201833154,4.268147497561194,-0.7113229818608948,2.0989638103589168,1137.13262904493,1138.902105163738,1113.9932810406356,1139.5430935825211,422.9868666887451,-78.33657490182844,737.9313859087094,-127.7936599476362,157.9870080539544
47.0275,-0.5184847951074419,-0.9265165620941332,-0.9195321726622924,-0.0222727801807221,0.0033680704861893,0.0115632100503542,0.0016011538909465,-0.0075920441830851,0.0281766460526236,0.9995725002246768,0.0157554241675147,-0.0353443806941453,9.744253948241122,-0.007364826514741,0.0058949426074654,0.0006329236455292,4.2681294080938255,-0.711307192925606,2.0989687171987166,1138.1376361925752,1138.5110390245243,1116.0679140396646,1139.4207216557259,331.01377434319494,-248.5964269190937,923.7694135198858,62.30727998255584,157.9853889532079
47.03,-0.4284253276079237,-1.0189722084617592,-0.9526939571530512,-0.0238842465559936,-0.0004591030170012,0.0079229298316391,0.0016088518105551,-0.0076357550891229,0.028186034567923,0.9995719035434014,0.0174073223339055,-0.0394910957381326,9.743387598139279,-0.0076388685396769,0.006090528313012,0.0004140624194413,4.268110669475313,-0.7112887869524582,2.098973239823443,1138.7876979166467,1137.659123029142,1118.6121281082371,1139.8546299824343,161.38128959938635,-462.83360533994966,1189.6564978312103,311.3646314907886,157.98381881365418
47.0325,-0.2327725477748009,-1.0591138562099291,-0.9434598344917265,-0.026085587179501,-0.0049429032406668,0.0048278208975868,0.0016078138973323,-0.0076703917942824,0.0281983088053426,0.9995713169870476,0.0191110299079093,-0.0438568097655663,9.743077730062835,-0.0079103747936473,0.0062641278559905,0.0001874952204317,4.268090839030451,-0.7112680885178155,2.0989774640890526,1138.9445426405712,1136.1968709978266,1122.0161965288153,1140.9775448131784,-62.01864336841492,-582.8171321195641,1268.1841836582287,483.7040078738282,157.98199483957788
47.035,0.0189319889377485,-1.038240018484197,-0.9317163920311377,-0.0276141355970082,-0.0076005992447115,0.0035376613178818,0.001596961175543,-0.0076908835665995,0.028214780305864,0.9995707423091096,0.0207602189440127,-0.0484004166331812,9.743333421771005,-0.0081786819095834,0.0064152287417039,-4.456925133940678e-05,4.26806988797326,-0.7112462656723232,2.0989814042232977,1138.4776046998045,1134.7450373685426,1124.9530490265315,1142.2731500218047,-309.407873015858,-584.6371034761625,1141.2597228877148,538.6444435027415,157.98052734067403
47.0375,0.3623363337281349,-0.9784704185212946,-0.95424076305661,-0.0281183735957028,-0.0092795770988648,0.003182419401787,0.0015824812754019,-0.0076974788661237,0.0282364688770512,0.999570134913782,0.0223533954503176,-0.0529434516525947,9.744151776054666,-0.0084430207488013,0.0065443298465961,-0.0002793505984067,4.268047696484674,-0.7112249488496779,2.0989836590616324,1137.397503275491,1133.2736854804443,1127.7224951432568,1143.6707670306935,-589.6117558896909,-594.3317891535975,1116.1703077271488,566.2762832507872,157.9791167269287
47.04,0.8567583351515501,-0.8765008451388488,-1.0356585379250964,-0.0270500070205998,-0.0114835357061978,0.0027340358645061,0.0015678987026546,-0.0076975491948345,0.0282605213790228,0.9995695087740044,0.0240232135335365,-0.0573663970517085,9.745518916646109,-0.0087026504758802,0.0066528712482269,-0.000513402162914,4.268024801489208,-0.7112053083546326,2.0989833584345448,1135.5295459203587,1131.7733784227771,1130.5339005651624,1145.104531438056,-743.7567547280483,-468.5424848354491,907.9442992086927,439.3990763244826,157.9774921164512
47.0425,1.3093753412593443,-0.7693940953519101,-1.132204668757778,-0.0246243694561086,-0.0138581705131681,0.0012331232284242,0.0015575436773346,-0.0076988692516972,0.0282800429151146,0.9995689900182968,0.0259078060330552,-0.0615389763683454,9.747409476116387,-0.0089569294170716,0.0067430317593443,-0.0007429687709165,4.268001395215248,-0.711187187343329,2.09898091179694,1133.6787195018492,1130.9309730562659,1132.2622166393023,1145.867762412317,-742.5511503970323,-222.4054506181573,541.3633734372029,182.4856002717728,157.9761964842163
47.045,1.7654782747071844,-0.643047618601634,-1.2131762596582822,-0.0206063819314299,-0.0161579095657977,-0.0023436941571596,0.0015547466054338,-0.0077056728674869,0.0282904089799678,0.999568671020242,0.0280740458177724,-0.0653542266466285,9.749787183994068,-0.0092052407263061,0.0068175670800755,-0.0009642837526588,4.267977596112073,-0.7111704734137979,2.098977506378828,1131.8167901683717,1130.661351169686,1133.2407174323498,1146.0169594394151,-747.0618979738873,22.600653433821755,269.1946127586736,-79.22693243911382,157.97496265732326
47.0475,2.27431864818758,-0.4840317190947649,-1.2368361735085864,-0.0141725341276874,-0.0180138163478799,-0.0082453972949651,0.0015613456695376,-0.0077170887214987,0.0282908892591743,0.9995685745787036,0.0304869794345001,-0.0687382728083671,9.7526053706692,-0.0094469478951068,0.0068795897871345,-0.0011737437104629,4.267953127321122,-0.7111550976941557,2.0989741755195825,1129.9434100119831,1131.043976323435,1133.6081897030947,1145.4716277501216,-579.5849914292139,246.11314825266305,33.9073126312823,-299.2945745214289,157.97355471443163
47.05,2.6413655004895076,-0.3619903804833293,-1.1744608761521709,-0.0076982637794789,-0.0185929128869965,-0.0130037767211759,0.0015820832850527,-0.0077317579834647,0.0282806543051662,0.999568724376086,0.0331017964910153,-0.071568021241193,9.75580648014625,-0.0096814549026411,0.0069322617483024,-0.0013678900097719,4.2679276075001376,-0.7111404346805043,2.098970392103369,1128.918865211224,1131.89191691095,1133.4102539955063,1144.5204865668074,-263.3073268342304,416.5724352493869,-124.66528141524564,-437.1197476593844,157.9724425756974
47.0525,2.9297094633350196,-0.2686510874936952,-1.0346122344812017,-0.0003901412477635,-0.0183461830652027,-0.0164239207041226,0.0016174347195497,-0.0077517340847937,0.028260874948875,0.9995690670926404,0.0359363906812703,-0.0738133959914192,9.759323617887471,-0.0099082212693801,0.0069786805211399,-0.0015432077635593,4.267901951414894,-0.7111261918538714,2.0989652253596347,1128.6268733778113,1133.126838499683,1132.984863296018,1143.2860290118235,10.59509105808556,524.9944444980201,-161.5847931344084,-498.43588149978893,157.9713943175642
47.055,3.146361798175201,-0.2039115265196741,-0.8538327241460117,0.0072534254980478,-0.0179137847613632,-0.0185736898731702,0.0016679699747949,-0.0077793484357496,0.0282327313205845,0.99956954852828,0.0390127307286704,-0.0754506283081503,9.76308161540213,-0.0101267809160986,0.0070217217268597,-0.001696314890199,4.267876809987265,-0.7111125431050371,2.09895748196756,1128.9718406665145,1134.5168891334376,1132.602330029835,1142.0283071593108,275.33550225282426,550.1600203093404,-100.96368984664056,-460.31564124010424,157.9703991117338
47.0575,3.276712663788078,-0.1646412049263671,-0.6571030476886607,0.0148554110679454,-0.0178688707965839,-0.019461910626221,0.0017320894359389,-0.0078142205952921,0.0281988171715728,0.9995701007817042,0.0422977099226914,-0.076504415240668,9.766999563863372,-0.0103366182380628,0.0070639757380408,-0.0018242277581979,4.267851853126133,-0.7110993614383342,2.0989468770143396,1130.003550889074,1135.877638601227,1132.4800448467854,1140.984450805625,571.5297576930229,540.9628288344682,27.683098587871815,-364.659147590687,157.9694677016836
47.06,3.3363459682172727,-0.1215899713153133,-0.4347744861356542,0.0237008818890718,-0.0184372054220712,-0.0196606063056313,0.0018069032181235,-0.0078509522573108,0.0281633515398925,0.9995706526607444,0.0456588529591344,-0.0770289177998228,9.770993348553475,-0.0105370379910717,0.0071076624896032,-0.0019247689687646,4.26782654124062,-0.7110859033521502,2.098934138754359,1131.829489454981,1137.2217032776111,1132.7407455227744,1140.2050114213564,731.059988588039,415.1331288958922,152.99555677062375,-192.27541422700764,157.96842318945397
47.0625,3.3033173973973873,-0.0682135738976891,-0.2701337717050861,0.0311071440249383,-0.019174574887169,-0.0196040366079196,0.0018889025057801,-0.0078804019648291,0.0281287268032832,0.9995712169061868,0.048889514633962,-0.0770945141221215,9.774978127576327,-0.0107271650978153,0.0071545238380604,-0.0019968755074119,4.267799702597663,-0.7110722083913874,2.0989206760466184,1133.6588508320162,1137.9533042457076,1133.2450226306387,1140.0230737344896,753.2533466435809,189.1254393343744,222.8564287969428,18.365122104858855,157.96761308320197
47.065,3.1733068919988168,0.0228053447364258,-0.1207006844955957,0.0389616428045125,-0.0198759083531466,-0.0198417592894483,0.0019756429984096,-0.0078937002640823,0.0280947428578468,0.9995718759626459,0.051788662212304,-0.0767559525934978,9.778870408117257,-0.0109060585352108,0.007205809468517,-0.0020407130533226,4.267769800967639,-0.7110587440015582,2.0989077243785506,1135.5957561881955,1138.1673304742824,1133.855027666758,1140.2968370318806,835.1585690791854,-33.09371345488342,230.60172536817873,194.31581453149252,157.96686451277105
47.0675,2.8886128802851574,0.1859133270851943,0.0600096057815028,0.0487116995102272,-0.0204485744546893,-0.0204706677552664,0.0020703912314247,-0.007887600594661,0.0280619642582779,0.9995726340010718,0.0542690955942307,-0.0759631182546688,9.782589406868327,-0.0110729666314745,0.0072623311362944,-0.0020576114574125,4.2677363986599435,-0.711045117428373,2.09889589873835,1137.8346436774143,1137.787835678433,1134.3980312574804,1140.9946528071475,782.1213740016082,-236.51584755345263,124.0860016678018,284.80383461304865,157.96603576685257
47.07,2.5393378938032005,0.3646425738322021,0.2238693628276694,0.0566356849426045,-0.020549631899996,-0.0210141793817688,0.0021721332701408,-0.0078703628732059,0.0280318877908334,0.999573384045276,0.0564681242635432,-0.0747582676056693,9.786059977836793,-0.0112277444526312,0.0073245138006137,-0.002049649501151,4.267701488731774,-0.7110315157262151,2.0988849309544446,1139.5063630582056,1136.9847512365145,1134.4754576750975,1141.7208562049464,606.568250396737,-395.21658512803253,-80.85841684804187,280.9563911799441,157.9654016926251
47.0725,2.0873638458402044,0.5731720157777329,0.4048492776249816,0.0636583599504086,-0.020029859539361,-0.0211847965958608,0.0022785643598787,-0.007856200104963,0.028006848457829,0.9995739527847703,0.0586417906105387,-0.073213361037042,9.789215621299002,-0.0113711141430933,0.0073923793555043,-0.0020196501729986,4.267667637316664,-0.7110182530980632,2.09887457183234,1140.8674849293952,1135.8117527527947,1133.9937391732403,1142.3994347630462,512.3003407487539,-553.688703803608,-346.86794782515324,254.20071630006257,157.96482436899055
47.075,1.473128884001902,0.826717564821216,0.6268008251375446,0.0699198392891147,-0.0183512055132808,-0.0203655355232604,0.0023867917560508,-0.0078524053295187,0.027989526621182,0.9995742150105899,0.0609141726274684,-0.0714080913341293,9.792002955238026,-0.0115045956524486,0.0074654857546863,-0.0019713630781547,4.267636242064151,-0.711004928592488,2.0988653092757645,1142.0678647619507,1134.216307717495,1132.7411179359708,1142.9918597864475,365.4126710029636,-575.8792250856696,-553.6169453519402,169.8881782134362,157.96419459451005
47.0775,0.9534441770229248,1.0118100025232408,0.7942767908224624,0.0723309919311911,-0.0158464366468123,-0.0184932292245836,0.0024924743549343,-0.0078562150926207,0.0279814976237048,0.9995741594203408,0.0632157968885341,-0.069443937438682,9.794384485561075,-0.0116302254401872,0.0075428482612385,-0.0019094137812711,4.267606647692868,-0.7109906640355037,2.0988572837984307,1142.6945482844108,1132.9323566273647,1131.2256544464794,1143.2488756541138,181.01050217217647,-457.6332448290556,-663.8054949031482,58.08059333576973,157.96372017785094
47.08,0.4913724389261878,1.1358508473949496,0.9151127477268098,0.071854101233144,-0.0121518514118274,-0.0154960264315497,0.0025887205684854,-0.0078615201464131,0.0279849051669786,0.999573794621276,0.0654148292869703,-0.0674686379304871,9.796339130105522,-0.0117502025463694,0.0076230145874898,-0.001838979918217,4.267577787616406,-0.7109749616089,2.098851032522857,1142.9729172728107,1131.9281414933519,1129.422090461458,1143.282262753126,67.35729277858091,-327.5215388168506,-732.5995183859394,-11.513474660017458,157.963295283966
47.0825,0.1105295144418014,1.192516678571883,0.982571291222688,0.0702118576844277,-0.0078497333577412,-0.0119643884209472,0.0026704232157061,-0.007863558485216,0.0279973666812293,0.9995732403091784,0.0674110293730657,-0.0655930839572606,9.797861541693184,-0.0118667286826792,0.0077040725103992,-0.0017655337292691,4.267548871569441,-0.7109569151830691,2.0988467808607725,1143.031334748304,1131.2947489332798,1127.5626568545479,1143.1913082808137,-6.826564919671146,-144.63904991018228,-714.9094120832141,-47.512864780331505,157.9629091828135
47.085,-0.1657558203742208,1.1675935501029135,0.9845039926580628,0.0685970684401588,-0.0038078353310641,-0.0086745081144565,0.0027406848640512,-0.0078652994612282,0.0280132008052415,0.9995726211286317,0.0692643721302175,-0.0637686100086539,9.798959873754093,-0.0119818854543843,0.0077839190975144,-0.0016945293841375,4.267519509752224,-0.7109357634243126,2.098844113950036,1142.9387844482123,1131.2049462438004,1125.84754340104,1143.0446984292244,-45.42374628567397,90.04511122592707,-679.5852833756995,-56.09304152636113,157.9625668755423
47.0875,-0.4048132321296942,1.0693248003256075,0.930667406346882,0.0672487884533616,-0.0002136997339553,-0.0058568571707005,0.0028001432086626,-0.0078689925170215,0.0280314594787202,0.9995719421777948,0.071024122974792,-0.0619918983285426,9.79965828745533,-0.0120974274095751,0.0078608647726181,-0.0016312046973518,4.267490058658374,-0.7109125427913222,2.0988429295810622,1142.804216016876,1131.744974489409,1124.1647304376725,1142.910843073182,-35.08856908031727,295.53342215866337,-537.8707590436056,-32.60209343905596,157.96220259762958
47.09,-0.5612988506242883,0.9602602542843832,0.8602489158740435,0.0667161824955155,0.0016930763002905,-0.004289556450414,0.0028498085913149,-0.007872301096773,0.0280544724690817,0.9995711526895292,0.0726538957032846,-0.0602478041302301,9.799996090943974,-0.012214752531965,0.0079339379358756,-0.0015805041498664,4.267460898973971,-0.7108888463030698,2.0988432394782928,1142.7633416028107,1132.6826133545947,1123.1581896058208,1142.8816879620288,12.726365462588403,453.6678878171595,-318.17775595561307,8.020109929243961,157.96193469504684
47.0925,-0.7127846776795552,0.8567483579788508,0.7842328608222302,0.0665145049761452,0.0030237695953343,-0.0029227663110573,0.0028939690638868,-0.0078726577139613,0.02808293630913,0.9995702408662064,0.0741172566851873,-0.0584553856107259,9.800024550647747,-0.0123349199287286,0.0080029271362787,-0.001546808422723,4.2674322982885515,-0.7108658762848805,2.098845297492563,1142.8678478441889,1134.013313928496,1122.5738416578936,1142.9509436228284,86.88048574934953,644.6483166513141,-174.93864422360724,47.325373760711344,157.9617005050716
47.095,-0.9140444283388444,0.7640785424231419,0.6986627674214095,0.0656399299902144,0.0044870538960494,-0.0014187177159188,0.002932039434415,-0.0078695838331796,0.028113401714016,0.9995693087875366,0.0754174523647549,-0.0566296609273207,9.799805293798297,-0.0124585910763957,0.0080683057058875,-0.0015335207234986,4.267403791364084,-0.7108444077535597,2.098849016413176,1143.197744031557,1135.9058549378483,1122.2834963847035,1143.1183148308323,154.82698312044968,720.1085017587911,-56.638111263890224,67.7162282374974,157.9614553463709
47.0975,-1.0985065950869823,0.7207388449177486,0.6331714301319286,0.0638734872073971,0.0056818939383805,-0.0002961827881828,0.0029620542219982,-0.0078640440560436,0.0281416947122576,0.9995684728336114,0.0765859440941407,-0.0548139452258814,9.79940697659126,-0.0125858912439886,0.0081311178854239,-0.0015428832743992,4.267374838877649,-0.7108241985167553,2.098854355934704,1143.6419827597915,1137.6138564372918,1122.290651101574,1143.289524764016,205.7528357542508,685.0729433939383,29.856408557119,64.68260021794195,157.9612791677326
47.1,-1.2856986372423596,0.710910591815004,0.5668201535298601,0.0610133470056613,0.0068241267484908,0.0008558447445524,0.002981733703308,-0.0078548619988574,0.0281655661399985,0.9995678138965872,0.0776119919594114,-0.0530580470081498,9.798902606293584,-0.0127163449366353,0.0081928199542365,-0.001575841544295,4.267344720222916,-0.710804834810743,2.098860492479344,1144.2265082103288,1139.3312196548195,1122.4327784274892,1143.4417278319222,271.8989832485221,730.7326870892947,69.63900094626264,51.94204787067242,157.96113065248977
47.1025,-1.4898558065622831,0.7238250940546157,0.4704842130158871,0.056935514376265,0.0081316547887418,0.0025128505605312,0.002992219012893,-0.0078427033614584,0.0281846937898349,0.9995673344055662,0.0785217729705786,-0.0513480779702248,9.798364602794953,-0.0128489706439079,0.0082550899827513,-0.0016318154569171,4.267312823280641,-0.7107861847715641,2.098866672701521,1145.001477676033,1141.2675198727347,1122.6388461063048,1143.5492350033692,277.52985080346104,669.4465187749059,70.77623374517333,21.666868148247715,157.9609833903809
47.105,-1.6262866309558364,0.7366480724720249,0.3639153393761112,0.0532587506338023,0.0096158869627776,0.0041876138158283,0.0030005059957387,-0.0078276632370239,0.028198357182919,0.9995670347625872,0.0793313305266694,-0.0495579060334162,9.79786137411712,-0.0129824887278043,0.0083196281284733,-0.0017087157409842,4.267279009459619,-0.7107677175662505,2.0988722502214805,1145.6141574643468,1142.678452248696,1122.7866595962153,1143.5500621726635,211.0442400709701,497.9738948695011,51.47194788684924,-20.510147420226044,157.96088621299555
47.1075,-1.7084895368134523,0.7223128171698869,0.2221520333073195,0.0493004123996066,0.0120791455077758,0.0059146349927228,0.003016011653119,-0.0078156539592378,0.0282057892467387,0.9995668636572628,0.0801691755968719,-0.0475203454547789,9.797453289961153,-0.0131155623613392,0.0083881017484995,-0.0018027589123135,4.267243941516478,-0.7107487228008089,2.0988750295730694,1146.0566988763883,1143.7573893470835,1122.8962058457391,1143.446684266268,127.73514341936583,358.98537668809604,42.00664846947985,-57.7875430599377,157.96081581235308
47.11,-1.731063471903391,0.6658938095568625,0.0557446307855846,0.0449792440138278,0.0150030021285695,0.0071426527852982,0.0030445786662002,-0.0078129238109528,0.028206513904411,0.9995667700419822,0.0811651805543028,-0.0451417066511957,9.797192184367438,-0.0132469558976997,0.0084621735087084,-0.0019087614967703,4.2672089948752845,-0.7107296116145033,2.098873109458657,1146.252833181443,1144.4733791321348,1122.9966928385625,1143.261124457364,-3.685032625478859,181.3542968678557,47.10633201709561,-90.57880426234901,157.96076810218617
47.1125,-1.6656789693152314,0.5499033310455,-0.1205878650595186,0.0401679319512166,0.0175249182551853,0.0071699874107797,0.0030844781900472,-0.007818479388226,0.0282003090776082,0.9995667730079179,0.0822997278340188,-0.0424757562475002,9.797121770232994,-0.013375553446772,0.0085435248662386,-0.002020807245187,4.267174526335743,-0.710711198490204,2.098865862726638,1146.0382737132609,1144.6641608314235,1123.1317375058247,1142.993790244956,-210.024137405282,-51.89587696883864,76.76852690170271,-130.1622265920985,157.9607482763128
47.115,-1.4750162420598243,0.3531211300579412,-0.3093025283993129,0.0344482611628808,0.0195410705953978,0.0058786448108843,0.0031307707160248,-0.0078263622016141,0.0281891591070572,0.9995668781592006,0.0834509810559464,-0.0396393512390969,9.797275196924701,-0.0135002687170224,0.0086338221688246,-0.0021329679811637,4.267139962985643,-0.7106936917682082,2.0988541388722934,1145.202712494416,1144.2138997472905,1123.3805354730712,1142.6103133244033,-407.2909797830628,-281.35786934238365,107.31435264575094,-145.87520678660064,157.96075710494827
47.1175,-1.2274959187433128,0.1611528573415839,-0.4255452928600933,0.0304130165843078,0.0203891372078616,0.0041690529543794,0.0031782495349358,-0.0078292014418378,0.0281727246217242,0.99956716812228,0.0844656288937266,-0.0367558900057401,9.797673336995171,-0.0136200845966979,0.0087344379439188,-0.0022399460089778,4.267104560411656,-0.7106769395192437,2.0988398006362967,1144.0018188143474,1143.2573714847128,1123.6683092690532,1142.2644142110237,-572.5810543183094,-496.47547600365806,126.2294488617283,-137.9238123385566,157.96079170925088
47.12,-0.90877858877969,-0.0292765559906798,-0.4848373610383343,0.027544401188373,0.0204830828377901,0.0024205954970711,0.0032255110432833,-0.0078248415132991,0.0281519139211157,0.9995676358748916,0.0852917353693043,-0.0338787517843948,9.798322753365916,-0.0137340597091606,0.0088463673274135,-0.0023374511511557,4.267067980858054,-0.710660859400599,2.0988249177014047,1142.3398072228272,1141.7315223672745,1124.0116827173792,1141.920694262711,-797.2539235556281,-779.9426723609133,150.42375314984872,-145.09222260195963,157.96085441653787
47.1225,-0.48007919561577,-0.2187085983367515,-0.4891520422749647,0.0254661802982197,0.0198119898505324,0.0006319102865147,0.0032734126111542,-0.0078091574502573,0.0281291310996637,0.9995682402193972,0.0858376891667198,-0.0310166273878468,9.799218498052847,-0.0138414092004366,0.0089701041781276,-0.0024225741281808,4.2670298701415135,-0.7106445416428546,2.0988114857315567,1140.0155491965672,1139.3576581229063,1124.4204280348029,1141.5389530980135,-862.2259771652034,-933.9644133347288,137.82541337829795,-131.69203769478003,157.96096162512174
47.125,-0.1135921068485677,-0.3188675317612423,-0.4431319298375222,0.0247987097565816,0.0186221192418856,-0.0006003709112799,0.0033217353514325,-0.0077841397722466,0.0281065520092146,0.9995689025900608,0.0861291321207267,-0.0282021758849399,9.800344425608506,-0.013941735240921,0.0091055484958854,-0.0024934147504333,4.266990268705237,-0.7106276437488686,2.09879974606311,1138.0286773369987,1137.0617003005984,1124.700809784271,1141.2622340742369,-741.1115974149571,-942.9491544740749,87.43486665197217,-99.07848265661329,157.9610769986244
47.1275,0.2276540268530015,-0.3360244715255267,-0.3564285501351882,0.0250335151529601,0.0168351460493723,-0.0016661971254849,0.0033711948801856,-0.0077559266751279,0.0280876580835081,0.999569474145324,0.0862725455692423,-0.0254505707076831,9.801674932731927,-0.0140351681001696,0.0092520524616474,-0.0025489191205971,4.2669498501381415,-0.7106103848154945,2.0987890521531463,1136.3099912094958,1134.6429123505402,1124.8576023680623,1141.043560684731,-621.2491876372046,-1039.4752316488075,31.14186907144584,-80.88176088318005,157.96121842806497
47.13,0.5690449218887985,-0.250353626786801,-0.2203946349764194,0.0263233472055439,0.0143858253633047,-0.0027741394132253,0.0034256827932567,-0.007731196019815,0.0280767199940071,0.9995697708660012,0.0863865443678232,-0.0227124839828588,9.803177115647024,-0.0141224712185154,0.0094084263244367,-0.0025887858887013,4.266910087375745,-0.7105921990999036,2.098779084613319,1134.922431398811,1131.8643241423515,1124.8565191296284,1140.8578252698208,-354.5352169274343,-960.92119122537,-34.10295464098528,-56.790513312596936,157.96141711187275
47.1325,0.7695308672075512,-0.0992842763249514,-0.0938054700631568,0.0283755976222764,0.0129020833002408,-0.0033772085212841,0.0034874331389647,-0.007712502651954,0.028074903962491,0.9995697353234408,0.086507906886907,-0.0199649898627396,9.804814842590003,-0.0142050524736106,0.0095729104229921,-0.0026133515974938,4.266871771168553,-0.7105722593975117,2.0987697063951782,1134.5373151248575,1129.838306394411,1124.6870875948573,1140.7596081181675,31.125880634982536,-713.4708942977918,-98.93840183549305,-35.00589035755639,157.96160663569103
47.135,0.8552049121891349,0.1041624036218378,0.0268868355503416,0.0313721063967664,0.0129731159110702,-0.0032407629518086,0.0035549985904975,-0.007699141181798,0.0280799921218503,0.9995694450175612,0.0866077975164848,-0.017250996007763,9.806550934960788,-0.0142847788092108,0.0097433153996167,-0.0026234062146639,4.266835258282581,-0.7105501161732279,2.098761289459546,1135.078060801986,1128.296969670866,1124.3618271204512,1140.6827958180331,442.24706746572446,-539.3423543493979,-167.11773282000283,-44.86521510391391,157.96182216323948
47.1375,0.8092766420049525,0.3634714124765432,0.1421580692748866,0.0355049515219623,0.0146414456822898,-0.0023696179806927,0.0036219618899503,-0.0076903152285758,0.0280882067129323,0.999569040364516,0.0866537994718206,-0.0147060031486571,9.80834855160178,-0.0143636609277454,0.0099172959530161,-0.0026199488129475,4.266801060147796,-0.710526118683069,2.0987536548383297,1136.7485504621875,1127.1415946226623,1123.8514989307569,1140.535282042648,750.5604292126715,-302.2041877781976,-194.8417733751652,-77.7221810637059,157.9621139755945
47.14,0.6528195373125814,0.565460082697105,0.2021696796441771,0.0386316641504072,0.0166792465015732,-0.0014938349683857,0.0036800113332598,-0.0076790066872138,0.0280973282789636,0.9995686686059364,0.0864920514673532,-0.0124945731688268,9.81017339085651,-0.0144434087850939,0.0100926358402982,-0.0026043004956339,4.266768245786566,-0.7105012021166328,2.0987461067003195,1138.8308629480512,1126.7859487319743,1123.387618253575,1140.2941849127144,915.6335300548247,-27.28271719781995,-177.37984008761248,-136.55078018458568,157.9623882613267
47.1425,0.4039068110259728,0.7360932871900773,0.2194633216770334,0.0405607144227125,0.018836476451962,-0.0007553744027566,0.0037290034946746,-0.0076647566262076,0.0281059265556481,0.9995683692190536,0.0861032179854733,-0.0106200503955796,9.811989409946014,-0.0145252085354698,0.0102673076898291,-0.0025778660081478,4.266735300023636,-0.710475746761742,2.098738433689389,1141.3267181124575,1127.0051810366735,1122.9645997303196,1139.8525281417255,1013.4567483454064,162.60934707666686,-151.12415642280666,-216.20928121035683,157.9627003696023
47.145,0.1141115537636231,0.8781967079271296,0.2019143446637413,0.041137683215919,0.0209972165302524,-0.0001896505173397,0.0037740020647175,-0.0076465587690407,0.0281151102687132,0.9995680966607003,0.0854616763866896,-0.0089791058229787,9.813762112232489,-0.014609509641957,0.010439589411303,-0.0025422988087563,4.26670141299227,-0.7104499321975631,2.0987306060485804,1143.898146689781,1127.598995467358,1122.6319974714606,1139.213138506662,984.1768906449456,293.50923323616814,-100.55471033778616,-299.69304756648984,157.96304902412908
47.1475,-0.1772790315175632,0.9892971016850912,0.1452560451362264,0.0399717784759191,0.0231896096154563,0.0001928875804022,0.0038222551449052,-0.0076225427224421,0.0281284036889144,0.9995677364941896,0.0845273559876267,-0.0074213559130046,9.815460194378398,-0.0146960537670513,0.0106080938269997,-0.0024994806061724,4.266666185412808,-0.7104235739346167,2.0987231867136225,1146.2476025656847,1128.4727272028551,1122.4618261786304,1138.3540629038923,916.9642378137424,402.4916884788604,-28.490000585478345,-407.5027104560445,157.96344928088644
47.15,-0.4795535921506319,1.0927189985664263,0.0359250076728862,0.03739680993347,0.0257951622763098,0.0005020552152538,0.0038734212932641,-0.0075925792798597,0.0281464019082371,0.99956727076409,0.0832902184644168,-0.0059429486725077,9.81705821987877,-0.0147841289349405,0.0107716843943715,-0.0024512304890315,4.266629383350994,-0.7103964004777173,2.098716545166421,1148.4829678788456,1129.6114539097505,1122.4895474685331,1137.1756249543837,690.7873642972949,403.7260613550851,51.49667538550696,-431.84217250387246,157.96400008561693
47.1525,-0.6731895189851558,1.1557971040581292,-0.0868126333663815,0.0351137903391731,0.0279608365206325,0.0006579060813467,0.0039251225521947,-0.007555745123713,0.0281639300896772,0.9995668581138604,0.0817228695624423,-0.0045770101571846,9.818536144036464,-0.0148728077079897,0.0109294084766574,-0.0023994160310827,4.266590919880884,-0.7103683298660282,2.0987104476621603,1149.7015393871727,1130.4913575096316,1122.719309555558,1136.194852041372,337.37830685960057,315.66302482530995,133.08139851444608,-358.1489578732076,157.96452537871625
47.155,-0.803252311943817,1.1901369614262887,-0.2370842494288737,0.0330160883291833,0.0303425753785745,0.0006720099948765,0.0039736786222692,-0.0075105214186031,0.0281770807606242,0.999566633404446,0.0797862900646611,-0.0033809733327354,9.81987918400899,-0.0149610060568551,0.0110807793112383,-0.0023458802259245,4.266550877855006,-0.7103393151379175,2.098704941951867,1150.1698594131444,1131.1897690338778,1123.154954461106,1135.3848801650167,39.055081917321374,257.44064533633485,230.4837010834312,-281.81263293889225,157.9651270227801
47.1575,-0.8954278294675042,1.1829539269223632,-0.436631576018803,0.0307284906224546,0.0337701105503218,0.0003764684014589,0.0040148005410743,-0.0074528673341055,0.0281828527083022,0.9995667293176954,0.0773926704661385,-0.0024229430475452,9.821077886441504,-0.01504769084682,0.0112258495312354,-0.0022924288917894,4.266509057601374,-0.7103099981147797,2.0987009681596858,1149.8968147967591,1131.778560736312,1123.871728060974,1134.785788876679,-220.0161196222564,177.79165793976972,284.67477292696447,-139.59712922985224,157.96594404975008
47.16,-0.9273806307671159,1.122746046964764,-0.6029299749955884,0.0291020783767486,0.0372466868062823,-0.0003091881922343,0.0040472016572513,-0.0073767399559973,0.0281782442219397,0.9995672823574296,0.0744180152024561,-0.0017120545647371,9.822126560892185,-0.015132128080864,0.0113652136038137,-0.0022407470110628,4.266465138047003,-0.7102809955740492,2.098698642984105,1149.0697788150324,1132.0787273235771,1124.5783283257415,1134.6868945188671,-419.4465849159442,91.25762424014161,289.7588566420264,53.80744113146624,157.966707763262
47.1625,-0.917022504508928,0.9959073821609647,-0.7410584574703756,0.0276816276841753,0.0410553371394249,-0.001708856366898,0.004068700199927,-0.0072840291841431,0.0281613623951188,0.999568341626324,0.0708961448837691,-0.0012815079580494,9.823021739822092,-0.0152141511176869,0.0115000289658914,-0.0021918059536184,4.266419917451934,-0.7102526123476721,2.0986968740696135,1147.7995818721784,1132.234848857513,1125.320522344185,1135.0548260823364,-612.550023214601,52.82243240403916,315.4092118138264,268.21404051744884,157.96756028174184
47.165,-0.8466131854877545,0.7757366873783801,-0.8337674671073301,0.0257748864885523,0.0448709817417671,-0.0044332899170199,0.0040803487255833,-0.0071836661568493,0.0281328818455814,0.9995698160047856,0.0670048051109552,-0.0011077846571802,9.823760747908944,-0.0152943250685299,0.011631928666301,-0.0021458388090029,4.266375199700102,-0.710225558198497,2.0986944604949924,1146.0070286989624,1132.342839485597,1126.1553743848092,1136.0279647214531,-668.9043923365023,41.463966745256286,283.2182489747908,435.58526866946073,157.96868725993656
47.1675,-0.7237305455439634,0.5588371915107802,-0.8217493758174154,0.0236712106169827,0.0467310017671996,-0.0075123485233674,0.0040836703637835,-0.0070803968198652,0.028098009479561,0.9995715155681127,0.0628450686271404,-0.0011592034345357,9.824344063693967,-0.0153738831015762,0.0117628914401099,-0.0021026430186861,4.266332065748988,-0.7102002633843235,2.098691241043172,1144.4550599104944,1132.4421686912394,1126.7366135890595,1137.2327524256848,-603.4974721125859,61.06701813602344,194.68943371547584,542.1026010672405,157.96971268286515
47.17,-0.5126177045078356,0.3457974665314157,-0.6956016815595762,0.0210587840784905,0.0470480953974932,-0.0109357606987552,0.0040841664985655,-0.0069768164413667,0.0280614632797809,0.999573265823939,0.0584831217706054,-0.0013280056075886,9.82477316187075,-0.0154546959520379,0.0118947932456804,-0.0020617215693684,4.266290499813449,-0.7101759405238596,2.098686855111739,1142.9895413383979,1132.6481745762771,1127.128821553387,1138.7384777267907,-559.2426092569979,113.0103440484736,117.54689010164616,630.3008700350622,157.97082590295298
47.1725,-0.2200468923202041,0.1624049383790259,-0.4753920350594817,0.0184224172002355,0.0463244341886254,-0.0142272686614951,0.0040897912441104,-0.0068752529299372,0.0280262507978267,0.9995749333573776,0.053986917570034,-0.0014612300009135,9.825049977626769,-0.0155390694171607,0.012029118255662,-0.0020223710924576,4.266249838810704,-0.7101515059485864,2.098680952488006,1141.658846864212,1133.0072204114813,1127.3243480395674,1140.3842567758572,-493.4156066756463,188.3960398277796,24.769613402064408,662.0976459369808,157.97201008241976
47.175,0.1589897695619454,0.0310083274805051,-0.1687616824126382,0.0163897941116559,0.0450158771673934,-0.0164868896285145,0.0041037433998139,-0.0067793692020492,0.0279936562970611,0.9995764441542674,0.0494542056853544,-0.0015028953612558,9.825178239004662,-0.0156295402475304,0.0121668521014982,-0.0019836909504241,4.266209573535028,-0.710126553783547,2.098673436735016,1140.5224633050184,1133.5901547754167,1127.2526696203975,1142.048965956477,-451.74392614971646,301.61220375915065,-95.41569023294537,698.5575212576414,157.97327730363955
47.1775,0.6622193498180445,-0.0735729049483349,0.2320152643296078,0.0159318751685991,0.0440903458734904,-0.0165480533427084,0.0041297388079826,-0.0066932005211201,0.0279660946877042,0.9995776907238296,0.0449973067439247,-0.0013894707225885,9.825161918083273,-0.0157286607941129,0.0123085264680152,-0.0019449799090762,4.266169877050424,-0.71010062083493,2.09866515038258,1139.400127233462,1134.5152814302778,1126.8472695884025,1143.8770443821472,-368.59883557078194,358.9449374849745,-197.68500349232244,617.7456118192529,157.97489038055144
47.18,1.060582199399726,-0.1373718302228257,0.5329379952579563,0.0183109912517406,0.0445626217342917,-0.0141763392295458,0.0041663921830237,-0.0066191091617284,0.027947486506117,0.9995785578651656,0.0406997972368449,-0.001158386136153,9.825006990551357,-0.0158388581905584,0.0124543036191394,-0.0019058632389177,4.266130683347268,-0.7100739126383652,2.098656655713293,1138.679469127166,1135.38487946284,1126.2642446029367,1145.1376940155708,-238.4719679205213,336.64751973718614,-269.4833719979392,429.0933087082786,157.9763087670516
47.1825,1.3558303762814976,-0.201842581003688,0.7390024212218618,0.023575486500878,0.0457495853957494,-0.0105108619993799,0.0042095887607405,-0.0065575362696307,0.0279427071409121,0.9995789268769714,0.036612356968494,-0.0009004944113479,9.824720752539172,-0.0159623204914786,0.0126040135102755,-0.001866444806912,4.26609193238673,-0.7100469402205682,2.0986489401596704,1138.2077673938606,1136.1985190289622,1125.499852728414,1146.0225109256867,-143.20200933991094,307.7304880398759,-347.91341715445407,292.9204067133335,157.9778004230118
47.185,1.5251670974843028,-0.2848087403841246,0.8441099313396148,0.0311762794265055,0.0463546104097514,-0.0062990856092571,0.0042612180147796,-0.0065075471762101,0.0279550709212915,0.9995787036312768,0.0327669511078884,-0.0005880279338933,9.824309313154014,-0.0161009344399602,0.0127570658523063,-0.0018274701620423,4.266054105002982,-0.7100194967508872,2.0986428651992126,1137.9634590804662,1136.92353190304,1124.5246775171636,1146.6022960491382,-32.60720799738161,205.78784218294845,-339.0530141464381,136.0337909018867,157.97967043098998
47.1875,1.5009554390661328,-0.3432607086591336,0.8155925449921274,0.0370737672766127,0.0456063296964498,-0.0034031214552911,0.0043196055394076,-0.0064634298579969,0.0279825946140013,0.9995779860747492,0.0291029151153832,-0.0002600507866297,9.823780663529101,-0.016256214199813,0.0129123773806955,-0.0017900523533576,4.266016739629534,-0.7099907718189403,2.0986384340889974,1138.0447313538737,1137.2274582398775,1123.8045876576807,1146.7026798801965,91.68032496662973,56.61395855536886,-236.6852059825184,-23.459147687593447,157.98129177223447
47.19,1.334873992800578,-0.3632516594870479,0.6902563687713505,0.0413182735308702,0.0438033286820464,-0.0013468675175091,0.0043815195073742,-0.0064240027790916,0.0280190648252431,0.9995769676637836,0.0256497060937308,1.2326909014620524e-05,9.823142962994696,-0.0164291568960055,0.0130684691695063,-0.0017551844694689,4.265979194802597,-0.7099603402784133,2.098635773992695,1138.4218607052987,1137.2066016958167,1123.341251487252,1146.4850003107003,227.9248129385194,-61.42269766907289,-122.7384832702964,-141.70062180957783,157.98297379318615
47.1925,1.039082991074582,-0.3210499444767925,0.4678083111574655,0.0441346618531038,0.0411230489763046,0.0001288592203796,0.0044400297047984,-0.0063889838906328,0.0280584133680559,0.9995758481711232,0.0224536511642236,8.63807597548949e-05,9.822405545443248,-0.0166200227078264,0.0132237718230204,-0.0017235579668075,4.26594085234363,-0.7099282912596961,2.098634348921471,1139.1843554185668,1136.920344751532,1123.1908952413291,1145.9941767711482,322.2530785167862,-119.05083735603787,11.515655016949967,-196.33886056266377,157.98505648798107
47.195,0.7639408182670495,-0.2315094258785417,0.2521607104149397,0.0449850079728741,0.0391033113220115,0.0006568707832638,0.0044926803631275,-0.0063555405213275,0.0280973079700992,0.9995747482610076,0.0195134650508457,-8.937613749882e-05,9.821576739975034,-0.0168282470829656,0.0133768762654868,-0.0016956854626829,4.265901100590401,-0.7098948249139339,2.098632863832305,1140.0331260978835,1136.6113475090362,1123.3988297623368,1145.5033060078863,368.90819561905926,-97.85502119707219,131.1565546571102,-190.2710584737545,157.9868410540201
47.1975,0.50524780527327,-0.1096494442309709,0.0360943183413241,0.0450120448012373,0.037940609862577,0.000609355097903,0.0045399571055573,-0.0063212037908524,0.0281342099880958,0.999573724362102,0.0168347334506293,-0.0005066774639194,9.820663688448912,-0.0170525478209301,0.0135266931936896,-0.0016716878786649,4.265859847998392,-0.7098605560924901,2.0986311946009986,1141.0288963966605,1136.431069645547,1123.846678014614,1145.0428214787803,409.28629200672714,-24.287330556250108,193.04315369844645,-166.7550750175962,157.98867067438823
47.2,0.27723257385561,0.0073171268304508,-0.1617513827792654,0.0449423435441769,0.0378179386998019,0.0001451755526343,0.0045858735645097,-0.0062881704580805,0.0281687595083762,0.999572754682108,0.0145128936233691,-0.0010883023220643,9.81967157676917,-0.0172910804226988,0.0136725547339617,-0.0016511834964628,4.265817114072163,-0.7098261613322954,2.0986286890128705,1142.0795575579184,1136.4899108562547,1124.3640455308296,1144.669530632798,415.6282340411655,100.55518753742348,189.57426039659677,-119.49667851589108,157.99053307141983
47.2025,0.0880434874091552,0.0745496213494596,-0.3205936926673244,0.0449500201665893,0.0392344008088175,-0.000814595804262,0.0046353002385889,-0.0062582246167325,0.0282017390779754,0.999571784664098,0.0126304593535496,-0.001737738132044,9.81860469208964,-0.0175415565389304,0.0138142457761726,-0.0016334827779114,4.265773192835366,-0.7097926421392796,2.098625033622392,1143.1070375668671,1136.9338455832344,1124.7945493165976,1144.4453380862003,423.8101125104766,287.2771536099092,132.36358149445766,-57.93556179429101,157.992429124306
47.205,-0.1048793614081513,0.0556738890880977,-0.4510289235546826,0.0449067424644559,0.042006506824166,-0.0025298186180517,0.0046870339616336,-0.0062312510585202,0.0282318004197776,0.999570859339432,0.0112220258846369,-0.002474546034685,9.817468336184,-0.0178014436429258,0.0139518165237337,-0.0016176154552468,4.265728364523488,-0.7097601001095126,2.0986197416403383,1144.1986081204689,1137.9262966243032,1125.0258634383013,1144.3798528238267,362.5756467730717,426.4550010849781,20.117215018161623,11.973136470663363,157.9947352960432
47.2075,-0.2480142595734592,-0.0493007491918596,-0.5046720676931967,0.04457180325158,0.0440189210117943,-0.0043126929887167,0.0047378511005311,-0.006205408324631,0.0282572152888879,0.9995700553862416,0.0102791239183954,-0.0033547786407937,9.816267672547236,-0.0180679964266265,0.0140854513633942,-0.0016026489732026,4.265682857771641,-0.7097281500925597,2.0986128846730807,1144.9199158007336,1139.0661205886604,1124.8951353916884,1144.5052037685539,239.34675445294977,489.8724956606424,-124.98776842160594,85.69188806423136,157.99667671714485
47.21,-0.3850826429323251,-0.2197666386158786,-0.5048382911264157,0.0438508874271824,0.0445825892183024,-0.0060162770161966,0.0047856288275969,-0.0061747051624623,0.0282757854910679,0.9995694835974026,0.0097035222285666,-0.0044082678985598,9.815007243813252,-0.0183382926883166,0.0142152868079265,-0.0015881046291682,4.265636360629278,-0.7096965568174142,2.098605291972877,1145.3953418927342,1140.3756591026076,1124.400924596193,1144.8083122641483,152.569474147324,572.8960036859215,-287.63758866538194,163.87430693695376,157.99863082568683
47.2125,-0.5553050457643502,-0.4384053553531738,-0.4592427868083243,0.0429854406127089,0.0432442551593122,-0.0072836610054547,0.0048294921160078,-0.0061343787047197,0.0282856199759294,0.9995692330008592,0.0094124399648466,-0.005638523662006,9.813690911208644,-0.0186092686267869,0.0143413114849954,-0.001573937372457,4.265588509082636,-0.7096656324676613,2.098598352021123,1145.6827631714696,1141.9306006070872,1123.4569474483628,1145.324575303238,66.79101399719224,539.6970166156701,-382.36499965895285,201.10089004482404,158.00098149041943
47.215,-0.7080562830805595,-0.5834502830942484,-0.397501264127718,0.0422787798056236,0.0407328464583075,-0.0077086036974237,0.004870578341969,-0.0060787030950776,0.0282867228299821,0.999569334113696,0.0092959315596918,-0.0070062331631429,9.812322306303614,-0.0188777528099648,0.0144633033863192,-0.0015606457996067,4.265538585712183,-0.7096352058927121,2.098593223377512,1145.7292969627204,1143.0741441856871,1122.4890995978972,1145.8138167143727,-3.8100011662189512,402.884033150552,-389.18033784610174,188.17825815316988,158.00293894104755
47.2175,-0.8696391731278925,-0.645574147684973,-0.3224058537418604,0.0408965015117092,0.0374561841285599,-0.0081711619576632,0.0049124255308372,-0.0060123273212852,0.0282795413865916,0.9995697262647676,0.0094392262573904,-0.0084277793664753,9.810904423185455,-0.0191406970030188,0.0145806757213783,-0.0015486859626854,4.265486694317703,-0.7096042319582923,2.098588799082632,1145.6637131656385,1143.9450207728412,1121.511045759131,1146.2654665940042,-31.708355108986968,308.6055255024427,-390.64344005868463,169.67855097697765,158.004887923536
47.22,-1.057543275000096,-0.6054694365013708,-0.2196672001965871,0.0378958632502971,0.0338412634869657,-0.0090396680826476,0.0049557454166189,-0.0059428588668109,0.0282668021907958,0.9995702799947074,0.0099748006202963,-0.0098733768779444,9.809441977790787,-0.0193952781311425,0.0146925462055662,-0.0015384287872848,4.265434151845921,-0.7095720148244244,2.0985839240791866,1145.5707551871756,1144.617171813198,1120.5358823976055,1146.662209469257,-23.05336868706675,184.54855353197323,-300.95747342568814,112.5542994038248,158.00720936255124
47.2225,-1.195264573003542,-0.4860783625991058,-0.1234310243988044,0.0345717366995,0.0316855541478349,-0.0099448332301363,0.0049977240131222,-0.005872513561851,0.0282529998800217,0.9995708661459248,0.0109186227671086,-0.0113760371620495,9.807942490853236,-0.0196389701413314,0.0147978142264958,-0.0015304314925504,4.26538184256648,-0.7095385318237418,2.09857890393328,1145.548446322203,1144.8677635405015,1120.006258392002,1146.8282380910236,9.795766204565089,42.73800244316222,-140.7109740425502,32.50979637653628,158.00912428937994
47.225,-1.3041385005398418,-0.3084264531282194,-0.0207271582430462,0.0310374776822174,0.0305951251405326,-0.0107408768698088,0.0050359913895251,-0.0057986350997877,0.0282423541804883,0.999571391727224,0.012183035335595,-0.0129541225403149,9.806415474933429,-0.0198695489316558,0.0148952158290871,-0.001525568733538,4.265329595570496,-0.7095037717585673,2.098574505645342,1145.6197340181984,1144.830861825414,1119.8323275273924,1146.8247584511398,41.74723549239548,-55.97108680936432,-15.028772779910495,-21.03825389396756,158.01101312404472
47.2275,-1.3897484996166252,-0.1123457165882609,0.0769991094325778,0.0276175721192448,0.0303159831989415,-0.0108008666909278,0.0050699379065438,-0.0057173695855295,0.0282369491952002,0.9995718231442564,0.0136502728847777,-0.0145878829709363,9.804872040197768,-0.0200850563492522,0.0149833942272073,-0.0015248975316242,4.265276336105425,-0.7094682817390361,2.0985712724984875,1145.7571824996649,1144.5879081064547,1119.9311145281026,1146.723046821554,60.262848215203206,-141.39914499480298,85.26983232300337,-47.0737187938753,158.01287633334357
47.23,-1.453889991335508,0.0704554394417452,0.1508693619641481,0.0243640994614531,0.0308386949654941,-0.0096891804183149,0.0050944468702497,-0.005627805214885,0.0282339170021191,0.9995722721197062,0.0152509005813928,-0.0163450725755042,9.803326201551604,-0.0202838731576701,0.0150609226408441,-0.0015291903786171,4.265221787838635,-0.7094322826988365,2.0985685029081798,1145.9210482592744,1144.1238661004395,1120.2586766890076,1146.5893898571703,59.582802687251835,-253.18979927565812,160.03531162433316,-41.564736020360776,158.0147041345898
47.2325,-1.5148074783756795,0.2368710814596213,0.1969573826754084,0.0206451229671886,0.0320940626442957,-0.0078104418438872,0.0051056379441506,-0.0055281852663274,0.0282293455919981,0.9995728790078552,0.0168946626336248,-0.0182667058301125,9.801793596739776,-0.0204646662398821,0.0151265182802562,-0.0015391407657629,4.265166148873137,-0.709395484583271,2.09856565546404,1146.0550965131013,1143.321959110076,1120.7312910862247,1146.515223141452,25.915467154960343,-335.9592806119835,158.47464680355955,2.982404526440389,158.01685073764236
47.235,-1.5545376206492536,0.3126551019761814,0.2029378200930418,0.0176886883672354,0.0334511219486364,-0.0066895864642896,0.0051070324205546,-0.0054198468280681,0.0282219487770168,0.999573654714139,0.0185530055729708,-0.0202492578011846,9.800289458777351,-0.0206263847317689,0.0151792589297423,-0.001555343639489,4.265109668853225,-0.7093579150595934,2.098562576694702,1146.0506255950493,1142.444069697381,1121.0510499230247,1146.6043018798025,-35.93239104496187,-396.8920309400135,86.84874247342226,80.86240196712835,158.0185960424796
47.2375,-1.5760289006780288,0.3124248322605288,0.193878713184282,0.0148144668782388,0.0351467858074325,-0.0065899733328328,0.0051034141610992,-0.0053061687839211,0.0282130085076704,0.9995745227869656,0.0202364517325445,-0.0221655900745738,9.798829945146766,-0.0207683352495825,0.0152187003788626,-0.0015781724552925,4.265052100853425,-0.709320082049987,2.098559362271285,1145.8754345578764,1141.3374989553747,1121.165534798592,1146.9195351512878,-119.60878918146838,-541.4135845485775,-8.233421268228419,199.0939964822592,158.02029024403657
47.24,-1.556332284582648,0.2294232728482822,0.1899675377109666,0.0114149971875893,0.0373817556737344,-0.0071968290923171,0.0050982726116723,-0.0051949623240647,0.0282084083851657,0.999575261071658,0.0220417555480094,-0.0239176632078017,9.7974320891116,-0.0208902155223427,0.0152450440451579,-0.0016076245636323,4.264993219219744,-0.7092818880036174,2.0985558418716286,1145.4525816491416,1139.737001774637,1121.0098828166836,1147.5997718622143,-187.79338789894408,-631.7733169611818,-98.87246920957192,298.31380204809494,158.02225673211544
47.2425,-1.4716780484445744,0.1102736545677545,0.2007855022070389,0.0080799704874918,0.0387246773674056,-0.0073739388951477,0.0050906676756299,-0.0050994972390157,0.0282104466428116,0.9995757418374456,0.0241706483280116,-0.0254998797899941,9.796113845369176,-0.0209924831010327,0.0152588505808155,-0.0016432179296074,4.264933961153189,-0.7092438725659365,2.0985510786432964,1144.9364676183825,1138.178632370572,1120.6711724525446,1148.4111041615267,-233.02540377706737,-665.9633832316249,-154.07072867097128,362.4090339191411,158.0238341503776
47.245,-1.2700828023394743,-0.0204960744451587,0.2225931818915808,0.0034870221195024,0.0385258125236552,-0.0064666301352548,0.0050815150189008,-0.0050296494498615,0.0282155742781251,0.9995760107321656,0.0267611864055938,-0.0268722831193511,9.79489289083352,-0.0210764672102835,0.0152609220801251,-0.0016846537493118,4.264875634536946,-0.709206124381292,2.098545675255529,1144.2874546302571,1136.407184858482,1120.2395291733294,1149.4118170318084,-303.2252479023368,-818.0330285885155,-170.93998549553712,455.5467706487832,158.0253404353517
47.2475,-0.8509119878223563,-0.1379152743111587,0.2548140343921068,-0.0026654008239169,0.0366226823546741,-0.0048039841715814,0.0050760718031567,-0.004989422182746,0.0282216509978333,0.9995760815123056,0.0298430104682751,-0.0279118394539511,9.793785836043792,-0.0211440639866455,0.0152525604325544,-0.0017321180011994,4.264818777476513,-0.7091683837040627,2.098540464095691,1143.42034137887,1134.0884672276272,1119.8164725250665,1150.688838014772,-319.89958446994933,-869.4489294233433,-111.3929816980884,454.4848659144867,158.02705643288556
47.25,-0.3508763387101637,-0.1762450427643449,0.2905261949382572,-0.00677329087291,0.0346435211227921,-0.003707663236852,0.0050758609909613,-0.0049743709159226,0.0282282989878759,0.9995759801823904,0.0332837299948801,-0.0285704655621613,9.792809896555212,-0.0211975113962746,0.0152355730238367,-0.0017861803156107,4.264763360838371,-0.7091312246070764,2.0985362219120702,1142.6879567079068,1132.059940211363,1119.6825642648387,1151.684241361382,-275.4441894381902,-809.153529129807,12.183781249234183,352.657249947563,158.0284029806985
47.2525,0.2657068881855745,-0.1463007125188438,0.3507123684971922,-0.0083862382658238,0.033348729708673,-0.003292882110353,0.0050796689172262,-0.0049738722209849,0.0282372000697681,0.9995757213584078,0.036834877651261,-0.0288578842361031,9.791981929987672,-0.0212391453252834,0.0152122240541148,-0.0018476185935227,4.264708924400666,-0.7090949306166792,2.0985339985095295,1142.0431204316803,1130.0426995819819,1119.8773914313126,1152.4521242645083,-225.93113080313097,-784.0261974195155,133.8492391219231,251.76930987209596,158.02965427186248
47.255,0.9222624471936228,-0.0711096033002961,0.4438606778252838,-0.0074893495051679,0.0329949551544292,-0.0033352149906389,0.0050846270478175,-0.0049751634249995,0.0282498228711853,0.9995753448130296,0.0402119114278736,-0.0288235406390184,9.791317082619651,-0.0212712789158361,0.0151850347561549,-0.0019170239196295,4.2646549751629,-0.7090591558889227,2.098534378283168,1141.5583010538903,1128.1398092242634,1120.3518104604486,1152.943087910743,-133.1216698693653,-706.1786393263017,242.5535444909779,120.74929992821313,158.03082030851155
47.2575,1.5434408214644015,0.0374371751203502,0.5820892433457687,-0.0033744634058693,0.0336776164248029,-0.0033889086469852,0.0050947901953648,-0.0049714348914902,0.0282641957474006,0.9995749196050112,0.0432572194667607,-0.0283936549927316,9.790824884938402,-0.0212961955830253,0.0151565248062792,-0.00199433613929,4.264601492293084,-0.709023157662158,2.0985364993741342,1141.3775120823332,1126.5118063853483,1121.090159153768,1153.0558707641496,14.047023846400448,-620.9846659116201,352.45059689355224,-31.37880952866124,158.03187625687556
47.26,2.148665864553691,0.1860059212455931,0.7846342826145956,0.0045813629211709,0.0347632266924219,-0.0025163354125722,0.0051104434334134,-0.0049614387001662,0.0282795552778507,0.999574470379629,0.0459270528773899,-0.0275808802719238,9.7905105333996,-0.0213159080636504,0.0151294295136969,-0.0020782230104995,4.264548703214552,-0.708987149493326,2.0985377365323754,1141.6285361731225,1125.034885894708,1122.1140634449148,1152.7861938631,177.43070718906907,-445.02776977787994,369.49546466034207,-151.16846020092905,158.033007083143
47.2625,2.4873090444327883,0.3199642325557627,0.957366170248746,0.012362114822472,0.0351137863887034,-0.0006748792751035,0.0051297627473892,-0.0049396755665629,0.028296145969476,0.999574023138184,0.0481000526969005,-0.026446457307874,9.79037498790643,-0.0213320335266918,0.0151066899411944,-0.0021664734872826,4.264496113040966,-0.708951863091999,2.0985361135318374,1142.2646656182787,1124.286667536458,1122.9376364770708,1152.3000284631444,334.86939796176705,-188.183148320417,290.97429687902724,-223.652975326808,158.03382951150274
47.265,2.633454303828164,0.4619848197520141,1.0932416459778616,0.0199198722189585,0.035098515394972,0.0022474936526578,0.0051563562409947,-0.0049026663602728,0.0283116887908959,0.9995736352358596,0.0497032951248331,-0.0249556263369302,9.790411714923119,-0.0213458641524475,0.0150912209085084,-0.0022561769972217,4.264443198460288,-0.7089174570108175,2.098531034011516,1143.302883162932,1124.0939701531056,1123.5689349293107,1151.6679289864653,517.2693313084594,44.61080630657725,205.35010320432352,-280.9760865235885,158.03452020713553
47.2675,2.601463733762921,0.626574739104996,1.1688745669243528,0.0281152920322613,0.035906051519897,0.0067828510183006,0.0051904792378161,-0.0048503620738842,0.0283233458804848,0.9995733801778416,0.0507346935784383,-0.0231498292918358,9.79060810936408,-0.0213583239834026,0.0150859170896955,-0.0023438375347667,4.264389840628528,-0.7088843749022222,2.098522725450475,1144.851012274819,1124.5097215679907,1123.9643869930915,1150.895148030528,582.8755509239473,254.3715374977245,72.47011164618854,-265.3779838525686,158.035188714205
47.27,2.4270187249995616,0.736714246868051,1.137182354981392,0.0341389363916579,0.0378195272072972,0.0109978591385011,0.0052318289961896,-0.0047822619654637,0.0283305668863845,0.9995732736712464,0.0511883222916036,-0.0210890483083212,9.790945610998035,-0.0213699319849343,0.0150935983213382,-0.0024260895331072,4.2643360389595335,-0.7088524977197456,2.0985122736138253,1146.2172609175534,1125.3658278405949,1123.9312854875416,1150.3410390672016,517.3340874495889,435.5039669850202,-93.5490815000752,-183.76812933770145,158.035606605148
47.2725,2.133504483563548,0.7896731297364976,1.0022847602535183,0.0393740131630114,0.0408742195450045,0.0148271784868612,0.005276749589209,-0.0046978022009631,0.028334393168291,0.9995733059716734,0.0510598103431186,-0.0189053290771864,9.791400990655632,-0.0213809045919161,0.0151168090526706,-0.0024999770321898,4.264281629911998,-0.708821583752464,2.0985004545488524,1147.437682712068,1126.6872414029167,1123.4966415855909,1149.9763073838387,463.3613747770263,669.7226643561132,-278.87203270950414,-103.52578949582814,158.035874002573
47.275,1.6814605524598012,0.7692598777983123,0.7442000175587228,0.0444839774087919,0.0446885239358969,0.01819701163655,0.005323319880571,-0.004598595120487,0.0283370950811603,0.9995734153559132,0.0503924258460357,-0.016702647244462,9.791945885250545,-0.0213912753105801,0.0151576111188027,-0.0025632593667213,4.264226131304995,-0.7087913331534047,2.098487162083153,1148.5340677914364,1128.7144411623724,1122.5369253239955,1149.8234101197231,327.63141362708274,800.7622555341183,-413.5169988932533,-7.328568780891035,158.036015573547
47.2775,1.2456803637553124,0.6871281945456036,0.479847248470711,0.0476620514963218,0.047165784470931,0.0198200205045384,0.0053736736478088,-0.0044881149480544,0.028343144964062,0.9995734492946736,0.0492719110588069,-0.0145092636271726,9.792547660803663,-0.0214009924830337,0.0152174700770993,-0.0026146830718775,4.264170121879353,-0.7087622388865076,2.098473310199729,1149.0758397802044,1130.6910526805896,1121.4290565911235,1149.9396645399345,144.46990296207218,828.5658581664702,-483.51899242218497,86.10805621788273,158.03598153614055
47.28,0.7715963416081248,0.5602504323687766,0.2081470001986917,0.0497149721174787,0.0485589635138732,0.0203020062704329,0.0054293679921901,-0.0043693356688677,0.0283548679835796,0.999573324420106,0.0477766641316664,-0.0123643898210442,9.793172555837362,-0.0214101527368846,0.0152969397421574,-0.002654063182767,4.264114145037773,-0.7087338840833853,2.0984603357813287,1149.2564173062472,1132.8572704532069,1120.1193303618832,1150.2539504008128,26.514285317831774,879.848273465295,-532.6215636217809,140.6772294594163,158.0357881581057
47.2825,0.2786486979229682,0.4179831618337727,-0.0377058847625819,0.0508626418813804,0.0491087239470495,0.0199525345254013,0.0054900689714812,-0.0042468624830226,0.0283699541042259,0.999573092341124,0.0460179920472088,-0.010342406233394,9.793787458771407,-0.0214191351671728,0.0153954127283673,-0.0026821054433896,4.2640581605190375,-0.7087054095915162,2.098449199638128,1149.2084112067935,1135.090294047912,1118.765948773017,1150.6430506872307,-55.139643188494105,885.642441863958,-517.0011702852745,143.28620802954848,158.03546263172217
47.285,-0.2249659985857151,0.2779928214724151,-0.2205542746933414,0.050989851756485,0.0489021506579336,0.0187186757201931,0.0055466420829565,-0.00413107950337,0.028384398659099,0.9995728711784572,0.0442176026469475,-0.0086881256003538,9.79436287784948,-0.0214285315976203,0.0155112100452034,-0.0026998127307282,4.264002424578684,-0.7086763214507387,2.0984397803043304,1148.9807190903043,1137.2854826625287,1117.5343245104557,1150.9703814409609,-127.29331273556308,925.4688433095722,-471.6774150808166,88.23153722996756,158.03497912931695
47.2875,-0.8261196302154274,0.1228390204790461,-0.3409413784728567,0.0499423900159033,0.0482757902740316,0.0164112607835558,0.0055917627162921,-0.0040283693875006,0.0283974262605524,0.9995726954351312,0.0425224772778413,-0.0076014572290595,9.794873135368782,-0.0214389196373369,0.0156417484132324,-0.0027089508312359,4.26394675162252,-0.7086458614600911,2.0984318436145464,1148.571944643115,1139.7176382644623,1116.4075616976115,1151.0842083733808,-173.87407105718364,835.5242333128766,-332.93921689613205,-28.478531427143466,158.03421984899728
47.29,-1.3096056083587375,-0.0026116234329746,-0.354711982886174,0.0479626953130565,0.0479275166597975,0.0141106839285463,0.0056236735167964,-0.0039412894050035,0.028407990748364,0.9995725939405836,0.0410095941294443,-0.0071613575703037,9.795296300710865,-0.0214509380952693,0.0157834795869953,-0.002711894316059,4.26389081726106,-0.7086135361537588,2.098425776774475,1148.1113487350194,1141.4631038290895,1115.8696284259763,1150.8279887838253,-222.5646039382125,615.5435041785984,-123.06989410715757,-185.61984553893635,158.03344172857737
47.2925,-1.7497963277998272,-0.1448095360730234,-0.2964007512007391,0.0446266788209925,0.0482221506524527,0.0122283347482101,0.0056445019330737,-0.0038744021803265,0.028414691319469,0.9995725763895732,0.0397988564473615,-0.0073600284512559,9.795614494044932,-0.0214653058496989,0.0159320944136568,-0.0027110660372101,4.263835140136636,-0.7085792599736052,2.098421369317342,1147.4591216234237,1142.7953557853568,1115.7922122270757,1150.1561091456858,-349.2173797087649,468.81832835300554,59.465195039880705,-373.484770315772,158.03251818679584
47.295,-2.189828105712147,-0.3590226110732309,-0.1904445538666523,0.0385740155986961,0.0488501346497689,0.0115474600770592,0.0056561835982759,-0.0038253779971311,0.028418310153575,0.9995726189134168,0.0388766076327236,-0.0081764351840993,9.795816580103063,-0.021482657705625,0.0160828900418219,-0.0027089515286899,4.263780354490719,-0.7085430266183397,2.098417840963005,1146.3652618364747,1143.8071954708555,1116.166954401176,1148.9605649322455,-457.6468461636592,263.936561900904,193.2914962574553,-470.881406663303,158.0312479616027
47.2975,-2.4550031976248894,-0.5802102420625777,-0.11428015276875,0.0318281067437486,0.0489889493637906,0.0122722476518127,0.0056589696019861,-0.0037891490830953,0.0284206480010101,0.9995726897927896,0.0381755279214899,-0.0096068058605284,9.7958980600206,-0.02150349898375,0.016230972904165,-0.0027076976159088,4.263726065169667,-0.708504945633416,2.0984135418875924,1145.1708873926075,1144.11503859486,1116.758669708362,1147.8017021123715,-524.3858042030342,12.89825109092157,259.9311051884832,-444.97844014381343,158.0300584751645
47.3,-2.5944555735647827,-0.8335994597181461,-0.0914692608771125,0.0243774838204568,0.0481399272470393,0.0135543866686732,0.0056558477114198,-0.0037635718222244,0.0284267040386918,0.9995726388991624,0.0376877884879467,-0.0115809513181249,9.795858991688576,-0.0215280490455725,0.0163715552230336,-0.0027090017176804,4.2636716249362845,-0.708465680961916,2.0984075532221254,1143.743332815458,1143.8716867263104,1117.4666099271192,1146.7356727315253,-645.1832320970308,-214.91114312910133,296.9950256139627,-387.00314531068426,158.02873727260535
47.3025,-2.620375639718695,-1.138984818368414,-0.1455042560126617,0.0159683041099257,0.0455069104491654,0.0151246023724352,0.0056533892285047,-0.0037446892820089,0.0284383913807123,0.9995723900638152,0.0373712060404617,-0.0139428930102434,9.795704079985832,-0.0215563715950961,0.0164998578859623,-0.0027145119338278,4.263616764092723,-0.7084250576320293,2.0984007533577045,1141.9449712321207,1143.040482879214,1118.2436448364326,1145.866686385817,-636.5260393119447,-369.505153317295,248.4358169849642,-217.60582809399017,158.02700374346543
47.305,-2.542248778292011,-1.3612290239687488,-0.2508843764024968,0.00971482322859,0.0418685882012437,0.0158446436771693,0.0056543066352048,-0.0037304633140967,0.0284544893328356,0.9995719711569754,0.0372176407990041,-0.0165995394187312,9.79544359597259,-0.0215884154910232,0.0166113120093424,-0.0027256052055591,4.263561397011082,-0.7083823892351605,2.098393842761315,1140.5607026189011,1142.0241609597256,1118.7087890120429,1145.6476435910563,-483.90527623031073,-438.121559822992,132.8065423076012,32.81280030854106,158.0254383246349
47.3075,-2.3892839245416164,-1.5147235089019573,-0.3869380236932691,0.004286023982079,0.0371906290584077,0.0152352400442314,0.0056545418301709,-0.0037180006622108,0.0284727150686034,0.999571482072252,0.0371967820696416,-0.0195776787746188,9.795093647507937,-0.0216239770088682,0.0167018820294684,-0.002743481304749,4.263505517456904,-0.7083374776057632,2.0983878629022525,1139.525444850971,1140.8498750801011,1118.90767754797,1146.0307503873596,-328.739495199684,-471.4828414916017,37.0270708421496,244.46310343793127,158.0237500585157
47.31,-2.1938944568289096,-1.59645980665234,-0.5154455976917635,-0.000685686090972,0.0323867042802508,0.0133808467297242,0.0056478071028589,-0.0037052544667915,0.0284909099944661,0.9995710305238295,0.0372915649762935,-0.0229379554442675,9.79467380700224,-0.0216627136137147,0.0167683728559395,-0.0027691640660578,4.263449413343452,-0.7082908847600785,2.0983835254507595,1138.917005142902,1139.6667467522664,1118.8939243662535,1146.8699591082463,-124.91150313137926,-455.02262132931173,-38.88839434469276,412.65142299845854,158.02196143654967
47.3125,-1.9640391346160937,-1.5912857786918884,-0.5998357907735383,-0.0054131980739603,0.0280659218772222,0.0104587685897441,0.0056309742934065,-0.0036925405125252,0.0285088214695707,0.9995706433711312,0.037530470520749,-0.0266726158627634,9.79420455741448,-0.0217041220525147,0.0168087406097727,-0.0028034145811986,4.2633927382313646,-0.7082435146585347,2.098381151390169,1138.900887335314,1138.5747619734534,1118.7132355762465,1148.0940075023527,121.98546881761284,-448.3210321991904,-79.65068167298308,566.117405012452,158.0200534016705
47.315,-1.6632441335216284,-1.4990669872879792,-0.628998999080465,-0.0106390587282276,0.0237680217265059,0.0069918023449285,0.0056078789990679,-0.0036882880690717,0.0285268807155841,0.9995702547926943,0.0381014651102643,-0.0306368201065349,9.793704638671997,-0.0217476488135638,0.0168221910668966,-0.0028463304884576,4.263335502389135,-0.7081960769741593,2.098379981415162,1139.5269324869896,1137.4251415912724,1118.4956709578892,1149.7005461333063,312.93970087251546,-396.6872005769591,-46.13136626096462,563.2048484389845,158.01762800586596
47.3175,-1.401424220898752,-1.363902092656204,-0.5989856989824565,-0.0144699515193969,0.0208126708111064,0.0048680620571322,0.0055804572546724,-0.0037006498025087,0.0285465852200683,0.9995697806989742,0.0391821918472605,-0.0347203548795476,9.79319304087582,-0.0217926818586288,0.0168092940552314,-0.0028972003414491,4.263278652237102,-0.7081499198812575,2.0983779407978655,1140.4655858396775,1136.5913259705676,1118.4825787449415,1150.910031744549,419.30748965702526,-317.9016119971231,68.3431616293197,405.7989499729245,158.01549566470433
47.32,-1.1410366055009629,-1.1791065891146275,-0.5368783027826681,-0.0175381756646995,0.0181628025370457,0.0035838263525607,0.0055505115534412,-0.0037314314979032,0.028564954965536,0.9995692896578074,0.0408210126674304,-0.038812071621513,9.792688154748147,-0.0218386936158605,0.0167716256666926,-0.0029547881260839,4.2632231554106115,-0.708106060892358,2.0983739366666176,1141.6234699352758,1135.835633531286,1118.837386766036,1151.729540883172,506.9867617913196,-329.13924682173194,271.95246213948116,230.18338736736055,158.01325058836824
47.3225,-0.8475759359445558,-0.9039309346095724,-0.4597650719609942,-0.020077365562088,0.0149779484539164,0.0026640554620004,0.0055208658375706,-0.0037779199659845,0.0285780720464029,0.9995688898865036,0.0429734429488609,-0.0427810674584378,9.792206275454134,-0.0218850048525003,0.016711648415588,-0.003017466301345,4.2631688918430894,-0.7080645273998811,2.098367763582872,1143.0005196486316,1134.9456297364604,1119.8423410556377,1152.060948681385,469.947260930972,-331.41562191227746,471.1683709676298,-0.1083267185549075,158.01042969393947
47.325,-0.6302517260428327,-0.6315487437830858,-0.4151804759332494,-0.0212774324301903,0.0122923093801359,0.0021938917319825,0.0054920944166682,-0.0038319253007672,0.0285860629676612,0.9995686080978792,0.045481548728228,-0.0465427941597608,9.791761667494471,-0.0219304365270905,0.0166326065787014,-0.0030834403034045,4.2631146731913745,-0.7080250145436034,2.098359310285736,1143.9732062399319,1134.1785554217236,1121.1932286208753,1151.7289992495791,325.8723766940572,-314.0135811519698,631.4749266982697,-253.18848471702728,158.00797615338405
47.3275,-0.4478511107243767,-0.3243932377650471,-0.4086650098499657,-0.0218061102762529,0.010161686877116,0.0017452887368316,0.0054643831944992,-0.0038829540365245,0.0285906900336855,0.999568436762131,0.0481363992130127,-0.0500261452070305,9.791365296668735,-0.0219733181469968,0.0165380988601769,-0.0031509717573632,4.263059834370634,-0.7079867464499162,2.0983495456346017,1144.629881532103,1133.3755618306996,1122.9997156891307,1150.7950062577993,200.7922108911778,-352.77203588975925,857.5598073290689,-517.9968906098729,158.005419707277
47.33,-0.263312154247882,0.0537550128928877,-0.4536304424263163,-0.0220874416982933,0.0093751945652541,0.0012219001872058,0.0054355120981366,-0.0039180904544509,0.0285905932691876,0.9995684778155008,0.0506739719809617,-0.0532139589710418,9.791025074826988,-0.0220116796048046,0.0164316611500125,-0.0032185502370457,4.263003736016466,-0.7079492354995969,2.098339861497672,1144.9771672943868,1132.4146952422764,1125.4810276575167,1149.139014796532,51.75351080603913,-339.27743605082395,922.0852395512624,-660.560378938388,158.00223786304286
47.3325,-0.124353868132938,0.344994295492365,-0.5336673696944217,-0.0222229246923494,0.0103849552917985,0.0007517052880319,0.0054100422398693,-0.0039297449851067,0.0285825754769528,0.9995688222630826,0.052932045714003,-0.0559685541351357,9.790743110925208,-0.0220433954133522,0.016316650763933,-0.003284903750727,4.26294584099164,-0.7079118980319026,2.098331051667057,1144.8886490861332,1131.6791746504448,1127.610141886889,1147.4922043631057,-108.1090317306818,-262.09133291663653,817.958137590076,-665.308851297528,157.99949490534345
47.335,0.02351375361359,0.5753807607954368,-0.6455480570094589,-0.0224855906831527,0.0124638351236688,2.5565014257468947e-05,0.0053868761484609,-0.0039189602218318,0.0285676725303543,0.9995694334298512,0.0549084595993049,-0.0582781641712704,9.790517594708383,-0.0220662184846065,0.0161965669302875,-0.0033483760200263,4.262886849470913,-0.7078751592436148,2.098322451494218,1144.4366221357332,1131.1042385776927,1129.5708183454692,1145.8124705400428,-266.9278092702979,-196.27307422110448,784.1170590814583,-693.2298321521496,157.9966609373479
47.3375,0.2412025696669411,0.755551810932584,-0.7878313636149376,-0.0230184307341674,0.0156763162151462,-0.0015154186407843,0.0053644986909631,-0.0038880438785006,0.0285467376305214,0.9995702797070548,0.0566199114242735,-0.0601500173471913,9.790343453273444,-0.0220780893723875,0.0160748013137343,-0.0034073294970804,4.2628273632788956,-0.7078397597668119,2.0983132644693048,1143.5540100397827,1130.69780927934,1131.530727182293,1144.026055202348,-362.8104689207211,-93.49028289466096,637.8806699101835,-585.2247019370868,157.9931584247271
47.34,0.4715561985280627,0.820724219497554,-0.8842770504129532,-0.0234143942530063,0.0186676455141801,-0.003615765137092,0.0053421820558032,-0.0038379039140829,0.0285213132059477,0.999571313986078,0.0580512256539152,-0.0615851021341562,9.79021342084696,-0.022077223701581,0.0159545722189408,-0.0034603019398844,4.26276753018088,-0.7078059262848972,2.0983030495281567,1142.6225697911286,1130.6367871632192,1132.7602216950215,1142.8863470303559,-387.18597057557616,31.97891488997085,405.101055932275,-358.9374381579529,157.99015669910042
47.3425,0.7546126649091138,0.8103361893866863,-0.9209498069052902,-0.0231035747954706,0.021288370111422,-0.0066640605428009,0.0053200308552528,-0.0037705226262411,0.0284939048195818,0.9995724552803532,0.0592047635471051,-0.0625781280969188,9.790118661948524,-0.0220622037914695,0.015838770140413,-0.0035059858189467,4.262707330750558,-0.7077736371063382,2.098291789671669,1141.618080186904,1130.85770385379,1133.5562324619555,1142.2313680115572,-393.3752186952855,125.740332304327,252.73883584200368,-175.39941223774386,157.987070219887
47.345,1.0677896036064487,0.7582085715401764,-0.8863121311539389,-0.0215981111311965,0.0231684281029558,-0.0102154069017748,0.0052978671355771,-0.003686555634847,0.0284644853642724,0.9995737033929784,0.060053782985592,-0.0631367722137203,9.79005057726274,-0.0220321502521616,0.0157296226621649,-0.0035434280421817,4.262646463360932,-0.7077425674360484,2.0982799372152283,1140.655693697654,1131.2654888247403,1134.0239158742306,1142.009349969168,-353.89564549213986,190.2126913428156,120.68466022240692,7.600768394737064,157.98391387220752
47.3475,1.387412021774208,0.6860081767826017,-0.7565720087307353,-0.018411176213934,0.0241394860549128,-0.0135848446757231,0.0052739179368561,-0.0035914090355088,0.0284330459644875,0.9995750493052395,0.0606620968783443,-0.0633098960489415,9.79000129434424,-0.0219867791500581,0.0156286599778013,-0.003571824479034,4.262584977675978,-0.7077120575728875,2.0982677180286076,1139.8486019594425,1131.8087673105047,1134.1596557630678,1142.269371853531,-303.3286838476482,245.93016545687684,0.9335984871081336,199.64289261000675,157.98067305598187
47.35,1.7371491297479835,0.6070079096223407,-0.5065760289994087,-0.0129725576976259,0.0248620132987579,-0.0166511666381385,0.0052530578796124,-0.0034953314487517,0.0284000197991433,0.999576418534753,0.061191856003206,-0.0630250791279372,9.789963801034084,-0.0219264913060459,0.0155365963461341,-0.0035908309990913,4.262524190303501,-0.7076805458780597,2.098255245135095,1139.1390502784147,1132.4951396520253,1134.028583866666,1143.0075644322185,-215.19293885268343,243.05489610591673,-85.02416845175051,316.20181593054093,157.97668526308644
47.3525,1.9776537884920005,0.5581786670686418,-0.2483428473509928,-0.007634305013177,0.0255330974163557,-0.0180099134458134,0.0052438747825892,-0.0034072774517297,0.0283674834181811,0.9995776776190176,0.0617832326500897,-0.0621415367839305,9.789934979044931,-0.0218522869587865,0.0154534692764975,-0.0036007858281857,4.262465177415129,-0.7076475735110532,2.0982430669807908,1138.77263726518,1133.0240417910331,1133.7345349208094,1143.8503809331824,-107.70480470358908,192.38290163402033,-143.23617628953747,353.1835140766828,157.97327847891097
47.355,2.152814647379544,0.5256910289520484,0.0153055472633074,-0.0022010087845834,0.0264346842430055,-0.0179257808224859,0.005254338325306,-0.0033348398030248,0.0283416742918845,0.9995785863529506,0.0625521450679937,-0.0605340426464913,9.789917690704758,-0.021765516581981,0.0153789784636048,-0.0036025690160702,4.262408422609505,-0.7076130252647593,2.098232133641173,1138.6005262548967,1133.4570541601959,1133.312402985218,1144.7734820026028,-46.55472723395525,163.7953402793372,-201.0163013451228,393.61705192707507,157.96978352757387
47.3575,2.288009594644624,0.4923692639385341,0.2832970529287751,0.0042323906890375,0.0277948921306955,-0.016302027615525,0.0052892332747525,-0.0032795092640453,0.0283279072951784,0.9995789693850656,0.0634970098379255,-0.0581390201556237,9.789923330944488,-0.0216677231655668,0.0153125279394777,-0.0035976201688999,4.262353516510696,-0.7075767493072749,2.0982229103965406,1138.53986362901,1133.8430184924302,1132.7294534140833,1145.8184661928187,-8.701689578364222,118.29883267998255,-215.75608369163612,355.4043615390632,157.96548671085284
47.36,2.3424442041149844,0.4563496157850551,0.4357836684500693,0.0096140802669201,0.0293667332741594,-0.0140479216726254,0.005346395901566,-0.0032363762422069,0.0283270721211199,0.9995788322669016,0.0644916037888878,-0.0550268627908546,9.789973732769251,-0.0215604675043177,0.0152533630743246,-0.003587636713231,4.262299023110989,-0.7075394740751074,2.098214441939154,1138.5570178070047,1134.0485483235952,1132.2336225667607,1146.5505038102965,14.639576949268088,58.16597354434387,-188.4674521145316,249.91843187586653,157.96182007376498
47.3625,2.340900363761455,0.3993354076870339,0.4984430339297778,0.0150686524413153,0.0313201977393244,-0.0116618793613469,0.0054197964702327,-0.0032016580162967,0.0283367047378085,0.9995782919542756,0.065434871663462,-0.0513453476997817,9.79010039653613,-0.0214452101109603,0.0152008222830824,-0.0035741577320791,4.2622434762458745,-0.7075017581618858,2.0982062069812977,1138.6130615137563,1134.133848360152,1131.78711615351,1147.0680583521987,37.93783351532389,12.49549672592636,-175.01206877186775,168.42615534238143,157.95806450922575
47.365,2.276768032179234,0.3067213057477843,0.4788488738896412,0.0215529683634082,0.0332966841948089,-0.0094526796571663,0.0054952989798912,-0.0031693081475168,0.0283501969406349,0.9995776287338832,0.0661826410238609,-0.0474003162728055,9.79034679120347,-0.0213233759477392,0.0151544813097347,-0.0035585125286585,4.262186814878089,-0.7074637193320991,2.098197699727593,1138.7467069745817,1134.111025807225,1131.3585622229011,1147.3926345870088,69.4788093064012,-23.84985697728903,-136.180601959528,65.57256298589489,157.9534560965225
47.3675,2.1715317298887356,0.2217601857418198,0.4036219559377898,0.0268560300885181,0.0339510064587353,-0.0085290615722785,0.0055647785987987,-0.0031367898320522,0.0283619462724606,0.999577049155863,0.0666691963671249,-0.0433830997659895,9.790765282598928,-0.0211964269679135,0.0151143669845747,-0.0035419888708837,4.262129529733504,-0.707425705240716,2.098188526380311,1138.9604555602882,1134.0145990752656,1131.1062131437131,1147.3959211671279,120.46152317149831,-43.68595588593388,-81.76367038193507,-55.78304832329721,157.9495322557273
47.37,2.0116695785702263,0.1504574290168066,0.295547994954733,0.0320071917787171,0.0335822657034242,-0.0083846171788067,0.0056257739617495,-0.0031012810159212,0.0283721052369645,0.999576566164686,0.066833627279057,-0.0393758616194551,9.791417811125475,-0.0210658664033053,0.0150811972108746,-0.0035260598117803,4.262072262662828,-0.7073885256321997,2.098178839123805,1139.3490145904386,1133.8925960277954,1130.9497438709918,1147.1137193453926,192.3220200225313,-42.60627907185702,-53.36813960836478,-158.06464188377603,157.94552388144044
47.3725,1.806783853300152,0.1023727642625014,0.1765484134248664,0.0369711102414848,0.033028877448955,-0.0083171696119834,0.0056820876313158,-0.0030638713129954,0.0283819634663141,0.9995761136636568,0.0667023133128943,-0.0353415825243924,9.792374552426857,-0.020933500081551,0.0150561243121453,-0.003512311380669,4.262016286039707,-0.707352875782072,2.098168640309367,1139.9220656604011,1133.8015676799064,1130.8393724456712,1146.6055979577084,275.5352016291863,-15.924183166626827,-45.85200756334799,-248.81373436806828,157.94144740073315
47.375,1.5522576296337018,0.084421603746763,0.0553112375694234,0.0413873861667124,0.0328745916542312,-0.0080107273755767,0.0057365922573726,-0.0030253856726387,0.0283921839761192,0.9995756519542413,0.0663031370882885,-0.0312622075904457,9.793715542204861,-0.0208014125815748,0.0150405397592968,-0.0035024820439597,4.261962617467777,-0.7073189871886356,2.0981595952091845,1140.7266905985853,1133.8129751119623,1130.7204838331747,1145.8696506735516,396.01551893342366,43.69127195686241,-73.85135965962385,-355.7622032065008,157.9372915006005
47.3775,1.20347260255958,0.0891798476511363,-0.0825155556662639,0.0453663807724521,0.0334692271379634,-0.0074770619255048,0.0057898304999652,-0.0029858900814823,0.0283998841491246,0.999575259131854,0.0656545645339527,-0.0271651527081478,9.795530259733487,-0.0206718598426465,0.0150357129825652,-0.0034983846249237,4.261910649268922,-0.7072867842198584,2.098152706593648,1141.9021432550667,1134.0200240396905,1130.4701156473734,1144.8267869416777,447.0759185917345,116.1878819568616,-123.39472639080722,-388.55389582202537,157.93221638496425
47.38,0.8901634981719684,0.1083163608613153,-0.1798644992188506,0.0475249952906321,0.0344454483704066,-0.0071068854226118,0.005841430561955,-0.0029416041130002,0.0284024317221674,0.9995750240934644,0.0647059188088668,-0.0230939731030972,9.797916667053386,-0.0205469148419654,0.0150426755370075,-0.0035018519008818,4.261859181297257,-0.7072555933444893,2.0981473653529155,1142.962070191545,1134.3939145217469,1130.1035102012206,1143.9268811944405,409.1908827675705,195.14286357879448,-191.5198001606698,-339.61782702277463,157.92791673117196
47.3825,0.5664812208152438,0.1438044739991611,-0.2362129042315439,0.0488077731638708,0.0351138298958458,-0.0074776338224039,0.0058877318620313,-0.0028884669692069,0.0284010987021372,0.999574945379548,0.0634057094730622,-0.0191567812073227,9.800979392648227,-0.0204282726972697,0.01506218199748,-0.0035142375276046,4.261807380068776,-0.707224674340239,2.09814380476282,1143.9480976689056,1134.9957383575847,1129.5125166465696,1143.1286978065627,378.51461301436626,313.5011846321627,-317.78288303764185,-300.2039603676623,157.92354783181673
47.385,0.1730571358503842,0.2174342799689668,-0.2217842293746044,0.049471790934137,0.0350681356521514,-0.0093160912567042,0.0059267985489586,-0.0028232782632383,0.0283978679718135,0.999574990146167,0.0617256330208305,-0.0154275746068118,9.804826171226045,-0.0203173799673499,0.0150944428613826,-0.0035362390912005,4.261755178936504,-0.7071930914914552,2.098142313955924,1144.8546432566152,1135.9614204449063,1128.5145957860339,1142.4258613926036,264.69837484915035,387.3769194353664,-412.0381842096488,-201.3224825891364,157.91822989549635
47.3875,-0.1591530129287948,0.3127308751859357,-0.1220598040177474,0.0493861616011927,0.0346335833998099,-0.011597248340806,0.0059603070264203,-0.0027461519663549,0.0283957485579201,0.9995750647740436,0.0597087941482465,-0.0119097892399751,9.809564255425848,-0.020215522594651,0.0151391483742092,-0.0035675523389711,4.261703227244637,-0.7071604646578387,2.098142873952313,1145.271589543152,1136.9326229547628,1127.4523257255203,1142.1220853936168,85.6248702770716,411.9022704533275,-463.51152258106526,-55.980066055070445,157.91373932754968
47.39,-0.5000024508891052,0.4401140992246299,0.0681592853221592,0.0487995086757964,0.0342950213782934,-0.013311847349376,0.0059901451617028,-0.0026662594910469,0.0283967248234568,0.9995750746268608,0.0575791966395381,-0.0086050006049198,9.815297374091095,-0.0201239570262445,0.0151955204371279,-0.0036062388677004,4.261652802797067,-0.7071270399572916,2.0981437803853935,1145.2827676080008,1138.020931797174,1126.197038173127,1142.145961062328,-77.9484150510852,493.52696595610126,-580.7793396934184,81.8338537117432,157.90919238028303
47.3925,-0.922765616966422,0.6023628306262134,0.3638296124217667,0.0473592897421652,0.0348503588203303,-0.0134139643743689,0.0060179442930096,-0.0025900497890993,0.0283992550122747,0.9995750343646124,0.0555090143965366,-0.0055144708397891,9.822124921514108,-0.0200437978953602,0.015262323930905,-0.0036490246529821,4.2616047462300095,-0.7070930662954088,2.0981435906263135,1144.8818474678967,1139.400257784541,1124.5484290270558,1142.5312546621751,-193.10671849338303,511.4189193007972,-616.2824389073224,189.1959515084123,157.9036768877461
47.395,-1.2840925059682475,0.7108614566278251,0.6234910421469086,0.0451538826937209,0.0366966961832555,-0.0116359310875161,0.0060447855893253,-0.0025178230059463,0.0284007287566277,0.999575009060206,0.0535498768658827,-0.002642669263447,9.830139429485715,-0.019975670301111,0.0153380403279736,-0.0036914710426472,4.261558515651353,-0.7070583846658424,2.098140988082249,1144.3172340155331,1140.5780263936792,1123.1156259785892,1143.0919408198706,-234.73675535412252,473.8510960707421,-574.4716974927786,250.98334801728817,157.89903605014305
47.3975,-1.644555130286968,0.7463954220055266,0.8462229052793148,0.0417026302088599,0.0398813593273506,-0.0085274546089589,0.006072193539518,-0.002446240945564,0.0284009896309083,0.9995750019220024,0.0516813635867035,2.0973613943098268e-05,9.839422813536979,-0.0199193479562076,0.0154210630006752,-0.0037281451083637,4.261512674084735,-0.7070225682791726,2.0981356484437135,1143.7081636911255,1141.769513264896,1121.6760705395905,1143.786171402262,-220.25132805149065,480.1003482329453,-571.7108432072307,277.4534574235781,157.8943549210223
47.4,-1.9936017893426796,0.6976261954698618,1.0122614800539855,0.0374249574033613,0.0434122098743261,-0.0051812968670609,0.0060980244782456,-0.0023704996123375,0.0284004126368161,0.9995750272900986,0.0498492552941048,0.0024205804229952,9.850044493507593,-0.0198736905473761,0.0155097433729312,-0.0037527705141299,4.261465347114661,-0.7069861455697248,2.09812822828396,1143.215977375277,1142.9785281348416,1120.2570717625556,1144.4792081069872,-140.0378917105365,491.7722835407161,-557.3747297580544,248.65447948501247,157.8896451595548
47.4025,-2.31506748690912,0.5427594625495185,1.0969391709481364,0.0325073639781468,0.0465149191803213,-0.002153346203631,0.0061166659182258,-0.0022891294333367,0.0283965874569649,0.9995751916228204,0.048057935714464,0.0044352421932335,9.862058462224729,-0.019836873155456,0.0156023529258669,-0.0037583905786958,4.2614160447234255,-0.7069495235773395,2.098119067065827,1143.0079742325727,1144.2283746826008,1118.8891968907988,1145.029443799688,-10.7078272261733,562.0255679445871,-579.0691311174435,180.53178630488983,157.8849070394872
47.405,-2.648238086084284,0.2617261577115154,1.1029635782262983,0.0259043260394411,0.0490431009703721,0.001086877780983,0.0061223592367865,-0.0022005988977562,0.0283865390844814,0.9995756193931344,0.0463044763516777,0.0059457597686256,9.875501200728273,-0.01980655889547,0.0156971970633513,-0.0037378933284622,4.26136466993513,-0.7069121071424253,2.098108981979144,1143.162438239146,1145.788655974566,1117.361726106967,1145.381867038512,115.96925762152384,576.9075118998688,-526.8722338210199,69.19892214411375,157.8791969951646
47.4075,-2.862208807531372,-0.0122060716173993,1.031153837711977,0.0195944805710073,0.0496059541905818,0.0036690715731787,0.00611542097877,-0.0021086329890774,0.0283690487863474,0.9995763358373088,0.0446865677130556,0.0069541167040929,9.890387854077687,-0.0197801857445386,0.0157927265877375,-0.003684193031187,4.261311339463129,-0.7068734426892118,2.098098368805928,1143.5878205206795,1147.1129122420975,1116.254835721696,1145.375438410408,201.73552612731007,513.1094734703414,-383.3697030209663,-55.444668837043366,157.87442495281155
47.41,-2.981013079292465,-0.2689476713070048,0.8836213488795958,0.0122217695967783,0.0481332233243493,0.0062616909056909,0.0060987453092228,-0.0020199813920464,0.0283491075352045,0.999577168377944,0.0433572183618967,0.007515557536362,9.906712931559987,-0.0197551042947331,0.0158878593845368,-0.0035903515782509,4.2612573072725,-0.7068341618934637,2.0980875722046792,1144.171115869783,1148.3542033419192,1115.444877591861,1145.1046436943268,242.79031128290936,479.86623970276014,-254.42860725675644,-144.53228589283634,157.8696470484991
47.4125,-2.981704427327564,-0.4988196012605166,0.6274028827210935,0.0023713560056549,0.0447671263792746,0.0091801787037798,0.0060728933885792,-0.0019391006980441,0.0283351050454798,0.9995778691360848,0.0424162118422062,0.0076445432094917,9.924452372236589,-0.0197288146622931,0.0159819999046013,-0.0034497268777181,4.2612037754680845,-0.7067953777552902,2.098076701622813,1144.8017720770947,1149.5122434406123,1114.9826926854116,1144.6527769809436,182.73924675989545,324.76627765906846,-63.76983111946517,-150.09502516822985,157.86391708335373
47.415,-2.8512771611410015,-0.6038644642389782,0.3605804722531425,-0.0059749025033528,0.0419780352949601,0.0111827914557023,0.0060362094140884,-0.0018664339929172,0.0283313788896952,0.9995783260968336,0.0418742125804968,0.0073179720332507,9.943564028555167,-0.0196992210582008,0.0160747096171524,-0.0032561053811792,4.261151580809496,-0.7067579661534469,2.0980656608036394,1145.0848121035815,1149.978034730213,1115.126028436264,1144.3541685684863,30.81271598956179,30.76103937053876,180.3739326747277,-58.59857154729711,157.85915299550533
47.4175,-2.590221527000859,-0.6219278860120337,0.0652420726645956,-0.0134121627506754,0.0402100159463465,0.0121441215228101,0.0059928212001459,-0.0018016670295869,0.028334494908114,0.9995786111887652,0.0417208209742623,0.0066321877683924,9.96398556679716,-0.0196646731718563,0.016165342737297,-0.0030038878221701,4.261100550502892,-0.70672115064785,2.098054845243576,1144.9558356570428,1149.666048637465,1115.8845623487855,1144.3597841232067,-163.75109757278355,-353.6855937320534,472.9152038512293,110.7288935253907,157.85441022877527
47.42,-2.1566445233919938,-0.5650018975258254,-0.2779114818314357,-0.020538604538216,0.0389768355600085,0.0114444924663098,0.0059476341634725,-0.0017401735196081,0.0283433283113046,0.9995787352277702,0.0418526775534975,0.0057047648879302,9.985637628143625,-0.0196234744185971,0.0162533128048242,-0.0026881481921787,4.2610495915114335,-0.7066837642147755,2.09804466895963,1144.2660566157172,1148.2096067615519,1117.4906044555214,1144.9078130361136,-331.12411525278833,-712.5769476008942,691.3702939063945,303.2995068224894,157.848755896216
47.4225,-1.7261055694251264,-0.4673404834403129,-0.5212230191122696,-0.024949053607969,0.0382099494734451,0.0095528590133332,0.0059030396354722,-0.0016734303607851,0.028357342492618,0.9995787152609196,0.0420790739676454,0.0046084602979336,10.008426288196995,-0.0195738831474732,0.0163380027319465,-0.0023045446834356,4.260997531213793,-0.7066453581723742,2.098035435213628,1143.3002150807804,1146.103163899464,1119.3414138183143,1145.876281657318,-432.2429838759098,-983.9784579429728,821.550644343495,489.44594073475366,157.8440842634122
47.425,-1.2605616125070886,-0.3284437868799084,-0.6913441499082861,-0.0279281339063725,0.0369682501682739,0.0073418840244987,0.0058629306851773,-0.0015974351269111,0.028377613326617,0.999578504982958,0.0422928273872359,0.0034459443926886,10.03224255915244,-0.0195142199703472,0.0164188670029459,-0.001849106497088,4.260943423071609,-0.7066060734575724,2.098027630255397,1142.1048416963367,1143.2897144718345,1121.5983576772408,1147.3550427397884,-476.10166676707394,-1178.987125175842,947.4755860604243,663.2289642310997,157.83946639093853
47.4275,-0.7886744852571144,-0.161787517002925,-0.7899407353630143,-0.0298913309970789,0.0352529604486088,0.0054228889955001,0.0058253220794771,-0.0015144422726094,0.0284034164067862,0.9995781312248244,0.0425021801044004,0.0022007086556225,10.05696634398912,-0.0194432064521701,0.0164954523930705,-0.0013179058399606,4.260887656419965,-0.706566017685258,2.098020894119978,1140.9197067469438,1140.2082282735819,1124.078791748619,1149.1924264784752,-413.07481321320034,-1192.065137419324,1016.3617398752344,802.5564658069038,157.8349024624016
47.43,-0.328549371762617,0.0200004998108531,-0.7959442098564355,-0.0308259916403035,0.0339438458167702,0.0037013047674037,0.0057919288852564,-0.0014324118774175,0.0284307515427893,0.9995776827809552,0.04282741789277,0.0009286653357331,10.082465990935312,-0.0193602480625409,0.0165674122602949,-0.0007073907081831,4.260832410515285,-0.7065252291404016,2.098014136144244,1140.0394676302726,1137.3293887847433,1126.6801663766123,1151.3678250688195,-240.8520473005327,-1071.8874838196116,1133.6357289744535,1016.8374390587512,157.83041548677508
47.4325,0.1932158845070145,0.2098516828491616,-0.6873470273099017,-0.0309826079670115,0.0339255437055432,0.0012051221141515,0.0057626938269328,-0.0013587547853182,0.0284571198129927,0.9995772195200064,0.0433747838428263,-0.0003489854213007,10.108603214846672,-0.0192653218383607,0.0166347979329398,-1.4591405300430253e-05,4.260779770354601,-0.7064845289062759,2.0980071785249566,1139.7154465104422,1134.8487908544887,1129.7469703934862,1154.2766136737644,49.88465033640927,-651.6575474315537,1088.8092585763275,1109.5172459516796,157.82513615406722
47.435,0.593045674866635,0.3008854294210338,-0.494770956225874,-0.0303885506760678,0.0354453765747326,-0.0012268053630913,0.0057372609487628,-0.0012937053258576,0.0284801895570456,0.9995768103338069,0.0441038587039646,-0.0016128190502067,10.135236231021763,-0.0191588382142316,0.0166979989163508,0.0007623290586726,4.260729565145638,-0.706444630966616,2.0980000964224583,1140.2888908819548,1134.0711010475839,1132.1242126694967,1156.9154112985807,439.65788007485816,28.92690501019727,888.2082071646896,1095.9390341519643,157.82083632250507
47.4375,0.9426641696608296,0.2754964782886979,-0.2003603076520198,-0.0290178571933911,0.038282346826544,-0.00355480395026,0.0057146786284425,-0.0012329777018577,0.0284997942850069,0.9995764718378448,0.0448808626291508,-0.002853393741755,10.162222238100544,-0.0190413036738498,0.0167577108937845,0.0016239095267846,4.2606805289203935,-0.7064057183547917,2.0979936470209464,1141.9137359108176,1134.9934253795395,1134.188011429312,1159.7563088445268,965.0272241122502,808.117999236045,818.6573459270845,1286.4068285405542,157.81665458457914
47.44,1.2794753929112455,0.0885300142175629,0.2394748223155725,-0.0263911895736487,0.0419499482681947,-0.005408210340278,0.0056902919430493,-0.0011750171515667,0.0285159049150757,0.9995762329350596,0.0456239849305428,-0.0041389408276417,10.189419989248742,-0.0189131658786483,0.0168146653105504,0.0025695377108623,4.260631919003468,-0.7063679457662744,2.0979895793451298,1145.1140270025116,1138.1116910437604,1136.2174993991287,1163.3474454412776,1363.1458042174775,1433.41787157687,668.6487247194908,1330.4365831396367,157.81179044061622
47.4425,1.4662535674020056,-0.180198840183672,0.6335159721297581,-0.0232599859413469,0.0437953046383129,-0.0052163387886009,0.0056638665967981,-0.0011156039697127,0.0285270888593351,0.9995761398593161,0.0461992977858109,-0.0054472745793187,10.216690904801426,-0.0187748057716423,0.016869404932366,0.0035968935192747,4.260583021471804,-0.7063307954776253,2.0979899342906223,1148.7294649319083,1142.1605147374275,1137.531255052911,1166.4084917602283,1595.5617447546524,1816.7247824844508,460.6109423869756,1207.259634337307,157.80787823149475
47.445,1.5207793331373167,-0.5075261686009502,0.9831636502971592,-0.0189354919010353,0.0431789916095685,-0.0022544902997768,0.0056330440054947,-0.0010502096066569,0.0285305350383527,0.9995762915540636,0.0464654427085359,-0.0068000174343647,10.243902837574815,-0.0186265896843675,0.016922123432725,0.0047024116898129,4.260533227861489,-0.7062936789734893,2.0979959560756374,1153.0918357262888,1147.1953149561873,1138.5205541110647,1169.3837436129672,2014.4680342157833,2286.4888001560175,392.170678403356,1245.3701603523723,157.80412841262947
47.4475,1.3996140128298435,-0.8776722890245207,1.269197059213801,-0.0128354620204108,0.0398901274080454,0.0037599766985573,0.005596767261002,-0.0009782356043372,0.0285253054031721,0.99957672173726,0.0463640267250719,-0.0081957093267144,10.270930314373137,-0.0184688524504912,0.016972744573159,0.005881704580057,4.2604828202569855,-0.7062560134182247,2.0980086063125927,1158.8018051029783,1153.5929587381975,1139.492108444926,1172.6353425619848,2110.7131964627683,2288.433780666458,351.0863637313855,1109.3770151388308,157.79983510441556
47.45,1.134889460438896,-1.1074654128352703,1.3597281627872964,-0.0079115847114849,0.0359016824047276,0.0092631411639945,0.0055535108742723,-0.0008993374455958,0.028515637279919,0.9995773185569404,0.045845416727966,-0.0096441822557456,10.297656784124452,-0.0183019504203578,0.017021058742181,0.0071299898617715,4.260432376853512,-0.7062176327663238,2.098028100043908,1163.6454017086082,1158.6374838595254,1140.2759859297223,1174.9306286886642,1887.7890105858455,1843.450617499332,347.61784621010014,807.6252053445347,157.7964433742582
47.4525,0.719039256053328,-1.207572168207332,1.2926207111886816,-0.0043952401640112,0.0311261646647493,0.0139109945731377,0.0055075232884216,-0.0008180365116705,0.0285060246262126,0.999577925979482,0.0449679311587651,-0.0110399123177418,10.323972923217369,-0.0181264521968034,0.0170667254493718,0.0084426175527739,4.260381770768538,-0.7061779601954566,2.0980531505127646,1168.2407501559123,1162.8102118256988,1141.2301976759775,1176.6734685887095,1758.8517212241263,1473.4738494486223,435.3361641059885,599.4713620448688,157.7932616249469
47.455,0.2122451059346801,-1.186831799402504,1.1164014939331832,-0.0027271349643247,0.025904722057118,0.0174136105602381,0.0054640947480168,-0.0007436779047738,0.0285029486142224,0.9995783208849068,0.0438967466930142,-0.012258729744244,10.349777994204976,-0.0179430885659721,0.0171094653509031,0.0098156759504146,4.260331255242416,-0.7061369042735,2.098082736182913,1172.4396603147209,1166.0048531067619,1142.4526667502505,1177.9279854988858,1556.26704524368,1036.1180310149095,571.1853564858563,393.4981173187031,157.79026612016062
47.4575,-0.349015388757806,-1.037423558445643,0.8505569174662928,-0.003604541713993,0.0211394059271348,0.019436516016276,0.0054228827968099,-0.0006829982279688,0.028511637922007,0.9995783492295858,0.0427475033639436,-0.013291441303549,10.374982163427488,-0.0177530163624597,0.0171489963552111,0.0112462059729648,4.260281215990857,-0.7060950000163018,2.0981155543376655,1176.0220853821347,1167.990801980776,1144.0861244584082,1178.640959175304,1420.1786606590315,658.1190793330095,813.1297936522446,220.46439451558035,157.78750815196616
47.46,-1.0175184119713823,-0.7745371861943255,0.4837023522337509,-0.0071192563758472,0.0175137418246657,0.0204173235398838,0.0053803003159693,-0.0006378876319545,0.0285326012982014,0.9995780136008936,0.0415408521054343,-0.0141941772897804,10.399505248634323,-0.0175580360787045,0.0171850447391593,0.0127321126623376,4.260232418698341,-0.7060532454695247,2.0981503045401384,1179.5405536180197,1169.2954485034284,1146.5183157185138,1179.0303074714643,1163.9442810890287,383.63675413241583,953.6648078829818,99.96678228949345,157.78448748431083
47.4625,-1.534785107700959,-0.554296900607915,0.1711143301597638,-0.0113829487839113,0.016977229839072,0.0202959884770758,0.0053296808711874,-0.0006083114580405,0.0285628022686033,0.9995774365727718,0.0402631269730071,-0.0150880552446723,10.423275133723047,-0.0173604760765835,0.0172173844543332,0.0142721170811679,4.2601852073493935,-0.706012216117864,2.098185632467074,1181.8418067875743,1169.9089857514364,1148.8544484978188,1179.140793086751,806.0273558721261,264.65018328899635,965.4579832637472,49.49617384311037,157.78221967245335
47.465,-1.98997596998536,-0.4126533574725967,-0.1238365439566279,-0.0161971539659415,0.0183780083010877,0.0194834022440913,0.0052676792782313,-0.0005967601288819,0.0285983005706725,0.9995767480781468,0.0389635495837901,-0.0160297096226112,10.44622442533552,-0.0171628505435122,0.0172460077843384,0.015865329439335,4.260139845560122,-0.705971578590255,2.0982210023789114,1183.5706903973824,1170.6186994198742,1151.345605634835,1179.27778834068,652.8516169359889,449.5359139116746,1088.7670659393164,122.8047535177947,157.78021901703409
47.4675,-2.45972316319532,-0.3883822446620882,-0.4474654440931056,-0.0222845610750141,0.0202880093082611,0.018011340056283,0.005195783160833,-0.0006042576047103,0.0286334743722947,0.9995761015977344,0.037672422589014,-0.0169769492118129,10.468289629525556,-0.016967803978126,0.0172711037946582,0.0175105392583954,4.260096035785891,-0.7059308474544517,2.0982579710876363,1185.106064872256,1172.156665320996,1154.298283827518,1179.7548168543403,487.76253003155733,725.8576133241838,1048.9698273149306,258.3071044032825,157.7781340915772
47.47,-2.786257668166141,-0.4940352755617069,-0.6944261700204054,-0.0277428028381944,0.0209386184006153,0.0166574329153625,0.0051152799900623,-0.0006284617677587,0.0286647938390558,0.9995755950378992,0.0363585605991504,-0.0178931400901299,10.48941175738301,-0.0167779005821671,0.0172930229418075,0.0192058621758804,4.260053477851054,-0.7058901403477468,2.0982986879104097,1186.009503047538,1174.2479874864919,1156.590454771405,1180.5693238626952,293.19138892172765,1005.8569869267868,858.2916258814449,430.45163657098584,157.77666326977598
47.4725,-3.035549056513056,-0.7004866345980504,-0.9254207838223236,-0.0339114814533247,0.0200815175239466,0.0154737872339996,0.0050303305896022,-0.0006650925495753,0.0286923511337363,0.9995752084238892,0.034960485319341,-0.018684285644261,10.509534547645822,-0.0165954220229863,0.017312439215245,0.0209484835466555,4.260011827927803,-0.7058489086431317,2.098345873666402,1186.5720218168656,1177.1859502556324,1158.5897419569276,1181.9070750371964,172.74125070080376,1425.2918450101772,798.3165931911126,705.7749392115537,157.77547129399193
47.475,-3.2176706657972654,-1.0063442142622063,-1.18493952741272,-0.0425583317306822,0.0173330501652502,0.0138806452274395,0.0049436154291996,-0.0007149465746197,0.0287175869847434,0.9995748851436675,0.033530447495717,-0.0192946653492012,10.528603885619177,-0.0164220709216142,0.0173301507331864,0.0227351750652666,4.259970572057315,-0.7058068668814392,2.098401063304856,1186.8732093010424,1181.3744467115464,1160.5820377373625,1184.0981985587548,50.11183010001342,1571.6537475182774,662.58067239379,886.6520838259808,157.77436392363956
47.4775,-3.244173260107673,-1.2649024940857054,-1.3731036117301576,-0.050778029057392,0.0137496968671176,0.0116829564745366,0.0048563815504866,-0.0007749711012138,0.0287422825325804,0.9995745673034604,0.0320465256926867,-0.0197012752616048,10.546568081043157,-0.0162593233816752,0.0173471225595556,0.0245624108281495,4.25992906820656,-0.7057643164860915,2.098464965646856,1186.8225809673654,1185.0442189932166,1161.9026453188935,1186.3403354563222,-77.7811228495068,1405.980790556404,470.09592139337246,960.4972785466632,157.7737100247473
47.48,-3.109762876317629,-1.4839503588538232,-1.4991454972887668,-0.0596898012236767,0.0093132033087761,0.0080224793273585,0.0047721878950905,-0.0008417708471654,0.0287626680743738,0.9995743455317384,0.0304867564211197,-0.0198370773861901,10.563375573477115,-0.0161085542177922,0.0173645665101004,0.0264269374399417,4.2598872996135615,-0.7057214822837267,2.098536301637273,1186.4843036867946,1188.404350664332,1162.9325173443303,1188.9006849514903,-176.6493463237572,1227.2974792264083,382.1508097258039,1059.9880089977466,157.7733342084329
47.4825,-2.8298038217695916,-1.6506316395260805,-1.54443236782257,-0.068516715876336,0.004696275148928,0.0032631105236441,0.0046938003207884,-0.0009095895379813,0.0287742147438717,0.9995743388193729,0.0287843804729664,-0.0196561803712399,10.578974933907842,-0.0159710875819094,0.0173840454217507,0.0283263242355268,4.2598452487820975,-0.7056783795428365,2.0986130057110994,1185.939334235746,1191.1807063893518,1163.8133993675235,1191.6402755013137,-257.94020369076674,917.1604433043896,347.4004918349668,1120.08789560311,157.7731876768984
47.485,-2.382687984838223,-1.745954289498624,-1.4671574846890258,-0.0763060398268887,-3.0563545260089736e-05,-0.0020999205286333,0.0046204790498871,-0.000975631884952,0.0287753693687551,0.9995745959323562,0.0269382308298313,-0.0191954519710549,10.593313980087288,-0.0158479021315009,0.0174074546528255,0.0302594869939907,4.259802249367062,-0.7056351681412555,2.098692469040732,1185.194602668342,1192.9901528808496,1164.6695198035038,1194.501124429501,-358.8024273028606,547.7798712023667,414.57000524489274,1261.3349425470828,157.773315380212
47.4875,-1.6957835893156696,-1.7822693285542328,-1.229310425228154,-0.0834006051717728,-0.0058641884739823,-0.0080282795957176,0.0045507826768386,-0.0010405679281369,0.0287664174709913,0.9995751137668016,0.0250245347341631,-0.0185159066197408,10.606338421812186,-0.0157397235084696,0.0174371114988568,0.0322265086664047,4.259758431523937,-0.7055927718349565,2.098773255304277,1184.1453220992307,1193.919605745365,1165.886249393749,1197.9469502140523,-398.0616723495369,146.19902412024908,504.75423069880526,1243.7803054343478,157.7737819150171
47.49,-1.0479994490491047,-1.760078820374704,-0.9321459343874692,-0.0868119953958348,-0.0104706647707407,-0.0118052495717683,0.0044860949319203,-0.0011093489901048,0.0287497666880626,0.9995758097293836,0.023215882637423,-0.0176282745380456,10.617990726367267,-0.015647045293047,0.0174759200310574,0.0342281358053306,4.259715152690533,-0.7055519589680327,2.0988548568589174,1183.2042943065933,1193.7211480014514,1167.1932909569991,1200.720025956676,-374.14189596936393,-237.9213216966836,600.6488674458984,1056.7859778318111,157.77442842973628
47.4925,-0.3905916537959683,-1.7070746607185028,-0.5823844637189565,-0.0875357957809713,-0.0143541511281815,-0.0137383284086786,0.0044250646686251,-0.0011847998864421,0.0287285051497647,0.999576596211524,0.0216407566829459,-0.0166062793806803,10.628212465211512,-0.0155706238410316,0.0175267995470952,0.0362651876731579,4.259673674681852,-0.7055128590843471,2.0989379127339047,1182.2746126193858,1192.7299991368827,1168.8894937309758,1203.2308801032063,-388.04654719000433,-547.5729977929383,828.1233132705693,999.8045030120917,157.7753377659418
47.495,0.3389816724911621,-1.6365629554216214,-0.1737711201689697,-0.0858198054537931,-0.0182230628373668,-0.0138458169087238,0.0043662178370737,-0.0012709453003027,0.0287046421477833,0.9995774169822133,0.0204539447399524,-0.0155324202302544,10.636944234125083,-0.0155111951357384,0.0175924978615785,0.0383380075520331,4.259634649331141,-0.7054753714942144,2.0990242696233135,1181.264061570645,1190.9832830124892,1171.3339075233482,1205.7190484717319,-339.7903182819472,-678.0674521392654,938.5906485709456,791.0450498598993,157.7767264535489
47.4975,0.8631149679612345,-1.58595400184066,0.1095941777533581,-0.0828921311607601,-0.0210106777205877,-0.0122800398241182,0.0043080301364291,-0.0013685464914547,0.0286792683290592,0.9995782474711143,0.0197400685548249,-0.0144924626140279,10.644127568664135,-0.0154695357098328,0.0176753217917453,0.0404459025577262,4.259597654998608,-0.7054389927472198,2.099114949154944,1180.5756610279752,1189.3396618761847,1173.5824469738327,1207.186105352508,-225.48728213748575,-641.0742207906782,894.4467404857704,426.65454284798216,157.77812634995087
47.5,1.2846137165042169,-1.5451636872632348,0.2973400962053935,-0.0792776720236427,-0.0237973301449278,-0.0098127048912651,0.0042509934299887,-0.0014745026671733,0.0286511034527554,0.9995791276074016,0.0194997611518907,-0.0135293285819665,10.6497064737313,-0.0154463251972432,0.0177770175066434,0.0425868231050119,4.259562184522306,-0.705403533089381,2.099210169401882,1180.136625159957,1187.777911908534,1175.8061412257791,1207.8523211859729,-109.09044530863784,-632.5185270247243,908.4293769958624,87.00973934131709,157.77977113628123
47.5025,1.680323326396666,-1.4882090703401203,0.408007021849879,-0.0749129761442125,-0.0275092369972165,-0.0071837007329639,0.0041928169464356,-0.0015820446154816,0.0286191255028345,0.9995801068544192,0.0196490989487493,-0.0127435390960056,10.65363104528537,-0.0154418825498822,0.0178982667227485,0.0447573970836436,4.259527408737823,-0.7053684546346365,2.099310309179633,1180.0302088014323,1186.177069241064,1178.124593858808,1207.6211540492143,52.3653404011116,-539.550629707534,751.8048039561355,-253.9818516411352,157.78201897802137
47.505,1.9321920648656048,-1.4096984496444864,0.4248099929632853,-0.0712255483285268,-0.0309542176685819,-0.0057937084854908,0.0041340333472801,-0.0016861942415644,0.0285867411526564,0.9995810936907656,0.020137945584127,-0.0121752590861227,10.655858240500036,-0.0154554100170079,0.018039132579246,0.0469528176855816,4.259492893553296,-0.7053328592378629,2.0994160171983878,1180.3984518619627,1185.0801587599951,1179.565165245562,1206.5824119277663,262.0420727421357,-413.16784699326263,445.70175850890274,-565.5125348470682,157.78411340084523
47.5075,2.1154071222168054,-1.2655077063357123,0.4015706173161157,-0.0668981093028196,-0.0348112032952956,-0.0054363907924184,0.004075158257352,-0.0017836765618871,0.0285589865479627,0.999581949634667,0.0209440235927725,-0.0118621535202666,10.656355329957483,-0.0154849814323615,0.0181987176144097,0.0491669109090965,4.259458334240141,-0.7052963534385912,2.099527866531562,1181.3404191651439,1184.1112300060963,1180.3531026513535,1204.7935913749775,475.3164387202335,-395.8421180921012,203.54647647782576,-806.3993934793475,157.78642812655977
47.51,2.2437492934729737,-1.0454856823133907,0.3729606481583444,-0.0618546917317482,-0.0389464614103703,-0.0056998279416634,0.0040186886088178,-0.0018707810849907,0.0285422396611239,0.9995824914923176,0.0220266299529204,-0.0117932410057148,10.655102142159363,-0.0155276969364308,0.0183754224779052,0.0513920471032937,4.259423000881938,-0.7052584982841305,2.0996461589251934,1182.7750340555615,1183.1009481695364,1180.58289762795,1202.5504149603735,675.3998133630104,-450.4152596925874,-26.04530940237541,-955.5730291798797,157.78891802583223
47.5125,2.3033302255440713,-0.723666511093771,0.3578948549251712,-0.0563047132940084,-0.0427845280223088,-0.0058820652495712,0.0039631571035908,-0.0019419649775033,0.028540661581721,0.9995826198163988,0.023290959078623,-0.0120323993191186,10.652094924917808,-0.0155800286613652,0.0185663648346019,0.0536194247305767,4.259386120770049,-0.7052194550900868,2.0997714075982428,1184.7174182319607,1181.8591537076325,1180.2228761043418,1200.0157262290757,921.6797253980361,-631.2325884730807,-255.25792226099512,-1113.792415202191,157.79160940440684
47.515,2.2920243705569887,-0.2371132189107711,0.3596756045740225,-0.0495859060589653,-0.0457033940625047,-0.0051123787025826,0.0039091297338128,-0.001991131524862,0.0285565398559523,0.999582283934568,0.0246177572954575,-0.012589536355166,10.64734630713059,-0.0156378416027892,0.018768109231982,0.0558390958042627,4.259346696071573,-0.705179121498155,2.0999054205173566,1187.3834326825543,1179.9447852271694,1179.3066080166443,1196.9814528843597,982.481195500152,-777.5107702061428,-383.80865205816355,-1066.7020774779908,157.7950589222964
47.5175,2.212770871762877,0.2180551763839598,0.3719481197566212,-0.0440440000048316,-0.0460876663824077,-0.0038008299447908,0.0038589265647165,-0.0020157328233266,0.0285880904566014,0.999581536013854,0.0259493128459615,-0.0134274343358972,10.6408858051126,-0.0156962826897062,0.0189767477108781,0.0580404788177903,4.2593046337491405,-0.7051370236195313,2.1000497243236262,1189.6298242094567,1177.9715998566053,1178.3038328440527,1194.6822158416903,839.8785564424339,-851.6929001803154,-419.15370245525463,-833.5668759540396,157.7981073942628
47.52,2.0624209168137706,0.6712566951364585,0.3905577582803025,-0.0383801548399194,-0.0441958287686259,-0.0024634628359313,0.0038204106453874,-0.0020179767157227,0.0286290793216684,0.9995805190113136,0.0273169286552538,-0.014380969822684,10.632758665696414,-0.0157499089607202,0.0191885602926421,0.0602128651057401,4.259259918062833,-0.7050931975658111,2.100205000837957,1191.5828254647683,1175.6863207262656,1177.2108395043672,1192.813618504587,731.9902687353425,-1040.2837948363547,-485.03077268508343,-701.9881871279314,157.80132565909148
47.5225,1.809357970842168,1.155820757910436,0.4235282103553625,-0.0319389238300546,-0.0398650449229859,-0.0011895323631658,0.0037917939240183,-0.0019994672473945,0.0286732098926246,0.999579412549788,0.0287185563571508,-0.0154768620562092,10.623029270966923,-0.0157935008548939,0.0193986014300013,0.0623465780061622,4.259212962500271,-0.7050481768109021,2.100369967858068,1193.2897755531355,1172.7701808824208,1175.878678980626,1191.172274906049,495.3776599647839,-1066.425774845326,-493.52023178884656,-502.239202629564,157.80537206408832
47.525,1.5543696562874032,1.484291855815834,0.4659808088917362,-0.0276002461686383,-0.0354713948274524,-0.0003924953707547,0.0037689656788704,-0.0019593136221303,0.0287146108731017,0.9995783999059916,0.0300841944137063,-0.0167762271174944,10.611777522344417,-0.0158226105757186,0.0196016383461003,0.0644333843338027,4.2591643168490725,-0.7050016969259721,2.100542624608305,1194.0597137645902,1170.3541918520439,1174.7432383454252,1190.3024224914418,171.071707980085,-926.5767613842661,-471.4305016484876,-259.8366302234388,157.80888956583513
47.5275,1.2820315755555287,1.72638765237522,0.5299309909315436,-0.0246200167071386,-0.031219823462486,0.000316535710704,0.0037455280878924,-0.0018983456483882,0.0287472574059466,0.9995776763167714,0.0313670263435961,-0.0183765727520944,10.599095616073212,-0.0158333450379,0.0197922347345722,0.0664671527711109,4.259114405491565,-0.7049538951498406,2.1007209793849473,1194.1451340930364,1168.1372970754971,1173.5215264723824,1189.8730917549312,-90.70325589450384,-888.7528383187146,-572.7312187041006,-116.87115455787011,157.8125486860334
47.53,0.9674050933129004,1.9250898722880836,0.6307280781026325,-0.0222754069717085,-0.0263371768471218,0.0013514666815778,0.0037188466244348,-0.0018211106042804,0.0287643936773161,0.9995774371989826,0.0325912387982653,-0.0202856525344202,10.585082991338963,-0.0158222640692719,0.0199656702455407,0.0684439177067449,4.259063366789447,-0.7049045321785247,2.1009029404609287,1193.6061974851175,1165.910427660448,1171.8795822519032,1189.718066718652,-269.76609684172195,-713.9771582189624,-636.8471717323581,-22.030776966195877,157.81709296683903
47.5325,0.7312154049819924,2.0206815784820367,0.7271820919578466,-0.021094332172771,-0.0220994332514004,0.0025313899173673,0.0036890752827797,-0.0017370239692985,0.0287651010506143,0.999577689679804,0.0338788180895675,-0.0224454710631764,10.569842883078415,-0.0157860527985431,0.0201182592378049,0.0703618874716962,4.259011830765614,-0.7048534045997527,2.1010873549595708,1192.796303608829,1164.5674112844056,1170.3372906137236,1189.7629378701004,-355.88083982884183,-392.81595006980666,-649.0534354424061,25.90806022011332,157.82100040877876
47.535,0.5275997633213768,2.044967440051386,0.8196131216986158,-0.0203888960424087,-0.0173738818184778,0.0040906478860126,0.0036578901106007,-0.0016557906927614,0.0287480336093999,0.9995784484851484,0.0353531195697725,-0.0247583648769942,10.553479670923616,-0.0157224586267161,0.0202472424631827,0.0722210385410117,4.258960054990697,-0.7048002315869603,2.101272355321252,1191.8267932859724,1163.946347910098,1168.6343150746895,1189.8476070197528,-427.33877829396954,-65.4690870340011,-769.7577455308118,22.8792900189884,157.82502484584967
47.5375,0.3102184120326691,1.9871374185724793,0.8986681129132678,-0.0196835013051722,-0.0112619953108853,0.006506447312472,0.0036282471401251,-0.0015826383843975,0.02871446351188,0.9995796568982372,0.0370415822872947,-0.0270924398332413,10.536096354176067,-0.0156309406591983,0.0203511281647715,0.0740224503964364,4.258908625398504,-0.7047454695149606,2.1014569769366798,1190.659609717358,1164.2400658492354,1166.4885018860675,1189.8773343201951,-416.9578042224811,300.3021395238196,-787.3722214615439,-9.62266498678184,157.82998089736827
47.54,0.1354790614092033,1.8641891010886693,0.91576213476307,-0.0191119642730512,-0.0061415474100109,0.0091266660996642,0.0035994682757634,-0.0015200675782926,0.0286697207767148,0.9995811601211154,0.0389134297299214,-0.0293894769773254,10.517792785547863,-0.0155124519806923,0.0204292284557705,0.0757678848632085,4.258858342146595,-0.7046894573426322,2.1016424920910586,1189.7420042648619,1165.4478586077155,1164.6974539673852,1189.7994936948187,-358.1844005038861,680.9669479121267,-697.7860156786005,-52.3562054251402,157.83421095676863
47.5425,-0.0548776536316002,1.6675487464169565,0.8592835114595145,-0.0185830447976002,-0.0014732217004077,0.0123392157905722,0.0035713296147847,-0.0014691543679246,0.0286229115808517,0.999582696671702,0.0409127533375661,-0.0315825603447429,10.498662439018176,-0.0153691921664648,0.0204823747257079,0.0774590448993144,4.25881001531858,-0.7046330381616147,2.10183120937251,1188.8686877148375,1167.6449005887976,1162.9995718076727,1189.6155532930695,-351.85258350166083,1015.0945780614884,-652.526742695075,-85.8922270240343,157.838538897557
47.545,-0.2721710405945583,1.4189121503642963,0.7339479749708913,-0.0181967750055552,0.0023392732577596,0.0155202902727637,0.0035436540037746,-0.0014300952805479,0.0285823796833191,0.9995840295821992,0.0429718693309922,-0.0336078180728498,10.478790947284889,-0.0152045365991977,0.020512790243447,0.0790972501138497,4.258764296293332,-0.7045769844459889,2.1020247203624183,1187.9827413473527,1170.5233314980255,1161.4348202539084,1189.3700325596983,-371.6182655966091,1247.654052063124,-586.1762169259565,-106.2392154070096,157.84294411390033
47.5475,-0.5297318763727572,1.1229400375192895,0.5338117474806627,-0.0182826168452175,0.0052190954857625,0.0179395145342112,0.0035172080554656,-0.0014009400287183,0.0285536195727488,0.999585003100517,0.0449874483268874,-0.0353876848266453,10.458255157970296,-0.0150230499984095,0.0205241376380558,0.0806833037416136,4.258721414777058,-0.7045223517673308,2.1022236161076875,1187.0105963868564,1173.8831708491075,1160.0686907230456,1189.0843572160347,-460.3013215596921,1467.3590687469407,-553.8607823457264,-133.6934850525493,157.84743843727549
47.55,-0.8792606123861431,0.7324789254044443,0.2386690905590138,-0.0194686169037859,0.0081010814889052,0.0195881604495705,0.0034874203127327,-0.0013815811444936,0.0285380105163691,0.9995855934979004,0.0469019646804859,-0.0369670091649727,10.437123407868032,-0.0148296012372582,0.0205202775952092,0.0822180014047226,4.258681450257583,-0.7044698851011816,2.1024274218321017,1185.681234739553,1177.8601268417642,1158.6655163421783,1188.7015651344354,-516.3911395517603,1348.3520466808764,-480.02328665677845,-155.23813327155284,157.85293015544892
47.5525,-1.188706026352576,0.3924056018715743,-0.0204852883146121,-0.0215071205733016,0.0098992948702521,0.0198811299258242,0.0034525834422085,-0.001373469443329,0.0285327369750455,0.9995858841034077,0.0487033129340498,-0.0383429677486032,10.415453650611184,-0.0146289851573787,0.0205062726250414,0.0837019596810774,4.258644646595489,-0.7044197251416517,2.1026354679699044,1184.4286406890963,1180.6249310825156,1157.6685742897605,1188.3081665496768,-525.0675075421216,880.02924893447,-373.93230198624576,-193.8637922464694,157.8575859532153
47.555,-1.489531430531244,0.0597491173789796,-0.2507942117672198,-0.0245019244004493,0.0107110060575507,0.0190948956024866,0.0034140439008178,-0.0013768715580635,0.0285313570632369,0.9995860527100487,0.0503679659974918,-0.0394615587054208,10.39329407840526,-0.0144259635424018,0.0204881420104332,0.085135632784457,4.258610822372891,-0.7043718293011322,2.102846673239852,1183.0558972018448,1182.2602730864323,1156.7958548322488,1187.732246173204,-620.3506516061865,366.51173094843807,-370.78857462126575,-326.6918696914915,157.86232121061096
47.5575,-1.8021134013687192,-0.2969879574972499,-0.4491322425259591,-0.0291087297992322,0.0104181031540842,0.0170130269533221,0.003373180510581,-0.0013907359051507,0.0285286525348797,0.9995862444867712,0.0518569350729962,-0.0402821919824165,10.370684305201271,-0.0142247517953445,0.0204721520760168,0.0865194306645535,4.258579342341176,-0.7043265970968323,2.10306015338738,1181.326887431068,1182.457489737256,1155.8146314166559,1186.6747072012208,-640.723549735039,-250.36933408269684,-359.27582984704526,-467.17270007592305,157.8680918789086
47.56,-1.9919368499648251,-0.5315428530940411,-0.5261143199218911,-0.0338623185484922,0.0087701904914492,0.0145372109146325,0.0033305388433646,-0.0014140241208555,0.0285232650900556,0.9995864974998294,0.0531425537822468,-0.0407967374663064,10.347656095279296,-0.0140283988140084,0.0204643319458399,0.0878536828364383,4.258548939957295,-0.7042837980567082,2.1032763613917305,1179.852279453168,1181.0084264160184,1154.9994756830126,1185.3963826728232,-592.6947020962112,-896.8187951170835,-334.2597329815472,-600.7168120274056,157.87297163596494
47.5625,-2.0736748856745275,-0.6736052634923337,-0.5021286272334001,-0.0395819758817381,0.0058663604420446,0.01193096481267,0.0032858266986119,-0.0014472542369483,0.0285157110628648,0.9995867971892526,0.0542388341863189,-0.0410292420818991,10.32423409281128,-0.0138384356976331,0.0204699943185275,0.0891385482206247,4.258518038139616,-0.7042429955971933,2.1034952893631407,1178.3634139205856,1177.9733957616684,1154.1433327517473,1183.6711231410823,-657.2461196259676,-1623.3555692558396,-390.04261354315537,-847.2741428016863,157.87792137695584
47.565,-2.018318428826351,-0.7275561538683184,-0.373899527876762,-0.0470233894084506,0.0024564483119029,0.0098822009892422,0.0032417383290895,-0.0014900260950505,0.0285078265175489,0.9995870828216856,0.0551508941543219,-0.0409538261040807,10.300436639975816,-0.0136553527699632,0.020494068853054,0.0903736918750212,4.258485509733171,-0.7042035020268503,2.103717098110585,1176.5660488550411,1172.8916485697466,1153.0492626152986,1181.1600119588184,-660.4432343743415,-2019.7893529723513,-412.2732738870292,-970.6006659337654,157.88393745456895
47.5675,-1.8388100423018132,-0.6866806535421406,-0.2109752332206364,-0.0530770891061865,0.0003367280535386,0.0095146218106732,0.0031988699934063,-0.001539143648155,0.0285023976443026,0.9995872783355484,0.0558320995753717,-0.0405964559508517,10.276278457412156,-0.0134792320144635,0.0205399563299764,0.0915583829236436,4.258450832368869,-0.7041646510898426,2.1039423299200455,1175.061197748712,1167.8744489968014,1152.081966382311,1178.8181198114107,-601.0934654628835,-2058.786784623764,-399.1907719423356,-953.3334617558592,157.88901094634704
47.57,-1.537199190722296,-0.5832950150178688,-0.0242065726612833,-0.0583789680370865,-0.0011622524501902,0.0101144487224726,0.0031560496776377,-0.0015897677433961,0.0285024874687548,0.9995873088542122,0.0562071719367671,-0.0400255522433803,10.251771816047127,-0.0133099471636186,0.020609391786397,0.092691534956925,4.258413876109038,-0.7041258622649377,2.104171490079521,1173.5605815277252,1162.5977146466223,1151.053308755586,1176.3933446500369,-594.6602276726886,-2075.82954383222,-425.4514492392677,-957.45558813647,157.89414222508205
47.5725,-1.1637494440511402,-0.4508883764813796,0.1639394444870718,-0.0625402009124141,-0.002018935821636,0.0110722998350457,0.0031112665830072,-0.001638641310492,0.0285081651747626,0.9995871860164418,0.0562375582927753,-0.0393309535920857,10.226927241266992,-0.0131470966498423,0.0207024409889554,0.0937718505374745,4.258375390798138,-0.7040865105769479,2.1044033049848747,1172.0878966103514,1157.4953012776496,1149.9547091361167,1174.0308418707327,-570.701972455462,-1921.856889926465,-465.51324368778126,-902.4220792582057,157.89931773207385
47.575,-0.7557495795847557,-0.3078454664617242,0.344066511684971,-0.0648395955979682,-0.002055668739718,0.0120177022492889,0.0030608823654191,-0.0016822967060395,0.0285165623007575,0.9995870109149618,0.0558831654148198,-0.0386356305864328,10.201755364709927,-0.012990666280654,0.0208173887881442,0.0947978647496628,4.258336470663242,-0.7040458700064836,2.104637409828859,1170.7070716654464,1152.9884301969853,1148.7257425371458,1171.8812342537435,-564.5375708674987,-1775.2148660137223,-585.2632241725776,-867.9588807517681,157.90454189682464
47.5775,-0.3014603330997032,-0.1426762517753557,0.5488653651490071,-0.0652267656130635,-0.0019692043877109,0.0127864960779923,0.0030002343971325,-0.0017171121550603,0.0285276643102903,0.9995868060246572,0.0551041215573126,-0.0380808285713961,10.176268097774633,-0.0128409812250126,0.0209511081847801,0.095767917274016,4.2582979744559015,-0.7040036037114094,2.1048747253269138,1169.2652087560125,1148.6192269475766,1147.0283930152523,1169.691047466972,-475.58271602672494,-1401.506519398346,-668.37295054608,-722.7555413102643,157.9108613343629
47.58,-0.001000213159656,-0.0137990634376027,0.7077571967899762,-0.0638864766317416,-0.0021448503830108,0.0135351647484893,0.0029250957905294,-0.0017326127355615,0.0285410646262522,0.9995866123348586,0.0537249110140769,-0.0377891035608119,10.150480582703585,-0.01270018110151,0.0210994676641017,0.0966799591942289,4.258259967005098,-0.7039590406934089,2.105115965895444,1168.3291580853147,1145.9808976,1145.3838777844185,1168.2674565471955,-304.9157959347472,-844.1751924114898,-709.7234800340636,-474.41798308553473,157.916165656413
47.5825,0.1826008299124928,0.1072993442112332,0.8419375299024539,-0.0618206348263233,-0.0023663868922344,0.0151187569381034,0.0028375846108661,-0.0017224107745274,0.028556241032344,0.9995864456047294,0.0516608011247045,-0.0377489537298986,10.124409070387085,-0.0125700772873434,0.0212586993682959,0.0975317567804442,4.258222023061543,-0.7039112376544209,2.1053602879807807,1167.740629776338,1144.398350985517,1143.47977561508,1167.318957551543,-178.97338502366375,-484.23958110372735,-889.2367783010737,-301.5872004451743,157.92150527653743
47.585,0.2634422386896054,0.241908461945686,0.9495347922616356,-0.0598191548256316,-0.0023067104242426,0.0182471941657526,0.0027401399284046,-0.0016895762402067,0.028577336717922,0.9995861696670252,0.0490222026156367,-0.0379400784134765,10.098072171427336,-0.0124508672093665,0.0214247195540026,0.0983214438667179,4.258184088369962,-0.7038603324698224,2.105607453703928,1167.434291160196,1143.55969969448,1140.9376938929108,1166.7595205449688,-59.6653253693236,-173.24365159222293,-958.2173595252772,-108.46143828321917,157.9279491333779
47.5875,0.231914412477584,0.3389029145898609,0.9778761854549476,-0.0589359948771697,-0.001921879576315,0.021513594753811,0.0026381143313099,-0.0016452109675197,0.0286112592725999,0.9995855462455904,0.0460844419897235,-0.0382790535856275,10.071491447602352,-0.0123414061830267,0.0215940015346668,0.0990474935016855,4.258146429745,-0.7038070000751228,2.105856869853325,1167.4423031494916,1143.5321327275567,1138.688688817458,1166.7766503601274,27.88221086805999,64.19123889255742,-896.858238915907,101.78750079743872,157.93334628101786
47.59,0.1299229034893386,0.4071350416216237,0.9345654415932588,-0.0588063402757322,-0.0010210071971232,0.0246999544653832,0.0025333709603183,-0.0016024473982297,0.028661635883589,0.99958443856142,0.0431600748613052,-0.0387441417216306,10.044694402131276,-0.0122406289985399,0.0217625469885912,0.0997088955434677,4.25811036142939,-0.7037520068506091,2.1061069061481565,1167.5737022145363,1143.880655888943,1136.453402698329,1167.2684580489563,42.735306062628254,163.3309268053,-941.4882967166435,308.40990428612395,157.93876847448823
47.5925,-0.0366431426906921,0.4377838169677389,0.8100130936916669,-0.0589095590442684,0.0011070250358757,0.0277046721316395,0.002423512930855,-0.0015714062482746,0.0287267707795147,0.9995828800295768,0.0404959275636974,-0.039387150560302,10.01771578345042,-0.0121485277554503,0.0219259281552791,0.100305008894424,4.258077491596698,-0.7036957012585214,2.1063571145981066,1167.655979679805,1144.3487873615836,1133.9812473338725,1168.3186998815588,-14.36043571326478,131.38487364356604,-846.694720371576,438.37685817073935,157.9453006451036
47.595,-0.1887301543921192,0.4128488257990185,0.6624780954815858,-0.0588080964949499,0.0037402468389946,0.0293562061092226,0.002305380575352,-0.001557228036897,0.0288024001349925,0.9995809900099448,0.0382360878790213,-0.0402627373500058,9.99059726848773,-0.0120661188820117,0.0220802008502918,0.100835189944751,4.258048217129323,-0.7036381187914692,2.1066071070188888,1167.5019000359703,1144.5375802571602,1132.2199290964747,1169.460342339808,-139.7479038507494,-6.692139900220568,-623.532505396269,470.6889682125941,157.95076305614933
47.5975,-0.3255772114246465,0.3459706891568856,0.4918682996603648,-0.0590538208608192,0.0060580138809842,0.0302562459349918,0.0021796176955311,-0.0015617377376211,0.0288846771046964,0.9995788748258831,0.0364583080470228,-0.0413400717911983,9.963386338023929,-0.0119945205672052,0.022223000569292,0.1012984168021867,4.258021377825259,-0.7035793283821903,2.1068574028453795,1166.9572401605508,1144.3153266620825,1130.8635848068895,1170.6721447226228,-297.5143271408639,-170.18796897437304,-472.0023944854661,456.5880740409677,157.95624225106897
47.6,-0.4235833146378309,0.2712457356223838,0.3153959513316563,-0.0602258492399145,0.0070239804231044,0.0307216232077282,0.0020511952085672,-0.0015832521234606,0.0289693430410047,0.999576649861224,0.0351698333848152,-0.0424951632001267,9.936136217352017,-0.0119346203277167,0.0223537441231157,0.1016930776736202,4.257995369984203,-0.7035197130205804,2.107109029221747,1166.0143284002652,1143.686640412288,1129.8599171240464,1171.743282710014,-476.06148882130225,-342.6618863590581,-327.5864122271992,339.748593482718,157.96173307509355
47.6025,-0.4426602524511913,0.2316363861023385,0.1405407912354306,-0.0624186531805459,0.0061838208309867,0.0308675998142186,0.0019244721297045,-0.0016133308071466,0.0290507906373317,0.9995744829660294,0.034239420095177,-0.0436100939754383,9.908907168589037,-0.0118875903292305,0.0224727081072648,0.1020170508981538,4.257968518786599,-0.7034596302589247,2.1073623024101984,1164.5769327164464,1142.6020172302888,1129.225652745755,1172.370887690035,-731.1471640532898,-548.2827659648061,-227.22705645139484,105.25944636109745,157.96723494662066
47.605,-0.3479221920282686,0.2683136766014936,-0.0647792892362682,-0.0652782412129188,0.0041011538999511,0.0308300386091348,0.0018040898731303,-0.0016401617460568,0.0291240709400868,0.9995725285377884,0.0334652398159211,-0.0445596499020335,9.881765565024276,-0.011854121213378,0.0225812716872799,0.1022678241905974,4.257939887075094,-0.7033994996259417,2.107617457316763,1162.3585925799969,1140.9452265824625,1128.7237818417889,1172.2695799418195,-874.5636414778419,-629.1124296152667,-176.07105457668783,-217.4858272759845,157.97384582840712
47.6075,-0.1697740767336922,0.3744464836404164,-0.2337381402193808,-0.0671132468281296,0.0024246017682271,0.0306400366451222,0.001687381234306,-0.0016534328547234,0.0291866364249592,0.9995708827314344,0.032666132993496,-0.0453662298374072,9.854784163359742,-0.0118335783761205,0.0226803514114917,0.1024431017591439,4.25790937454208,-0.7033405986621639,2.107874386935789,1160.2041145090548,1139.4564550822108,1128.3452974728712,1171.2834585536543,-897.4038112274659,-569.3726282689289,-189.63380645162908,-600.2363306923601,157.9793588466924
47.61,0.0909002760453205,0.525702894233117,-0.402165475470294,-0.0677647799326977,0.0020529281713218,0.0301981917099626,0.001572905141794,-0.0016474024238639,0.0292361932047494,0.999569627869486,0.0317448267473984,-0.0460339355004337,9.828039127458744,-0.0118236854908304,0.0227719386854756,0.1025406844869233,4.257876904872311,-0.7032832379804757,2.1081324635883507,1157.8715735238636,1138.0983634411205,1127.7756128095316,1169.2683982883607,-1041.9503027794362,-522.7146977390075,-339.0599034051859,-1103.5639458438975,157.9848717955396
47.6125,0.4569178904167788,0.6802826102019212,-0.6005842721715228,-0.0669516750313308,0.0043778397290129,0.0291763251091234,0.0014619639538591,-0.0016215055436373,0.0292710851768301,0.9995688174704684,0.0306986239085087,-0.0465214957043037,9.801608369505715,-0.0118206714770896,0.0228591999259392,0.1025585861849109,4.257842385678679,-0.7032267066572875,2.108392157813005,1154.9943629951551,1136.8428815935144,1126.6499979558444,1165.7656388244322,-1057.8273308694907,-383.0458266053798,-502.4731073894303,-1421.9108164764295,157.9914820135887
47.615,0.7717202638384182,0.7222548618825709,-0.7558221048121364,-0.0650557467233398,0.0082178990625706,0.0277583909226572,0.0013616231745988,-0.0015834912158249,0.0292906884836206,0.9995684522545064,0.0296807145479681,-0.0466873585586277,9.77556892507274,-0.0118189040557983,0.0229468820566685,0.1024951672115572,4.257806260476154,-0.7031707984998133,2.108653714571068,1152.5824368695135,1136.1831343080923,1125.2632472725832,1162.158844205975,-966.048886745344,-192.79494613737623,-642.4211635002779,-1508.9501661310433,157.99698204647436
47.6175,1.059800364515078,0.6196904454455887,-0.8877822890850823,-0.0622881157490797,0.012277821343492,0.0256790144109103,0.0012796118579261,-0.001542322462254,0.0292992745025186,0.9995683860659696,0.0288574520720376,-0.0463879016507648,9.74999664989708,-0.0118124904335986,0.0230402390085919,0.1023494381727797,4.257769321756936,-0.7031160306446992,2.108916513630941,1150.1641185614328,1135.8789068628284,1123.437892138346,1158.220887993784,-1073.140963692343,-92.9483596119489,-869.9010648682087,-1707.4411604078318,158.00246853650182
47.62,1.3426971123575175,0.3148588415069455,-1.003582680374194,-0.0581167981569546,0.016019523494964,0.0226556572194261,0.0012152762884705,-0.001502901218883,0.0293003628867205,0.9995685098520348,0.0283001749243946,-0.0456504852288589,9.724965994017497,-0.0117968739587356,0.0231428985820793,0.1021215970049385,4.257732477715309,-0.7030623136660488,2.1091798700537203,1147.2167320510566,1135.7183925100333,1120.913741948246,1153.6216384039435,-1095.6627526403588,-66.65201939791815,-943.0677032281162,-1597.126936831502,158.00903166899076
47.6225,1.510993935500112,-0.070182142345806,-1.0558009240430517,-0.0541127658716777,0.0177126010628441,0.0199230738395521,0.0011676633667748,-0.001469159671926,0.0292918334023488,0.999568881499572,0.0280512126761763,-0.0445160064427243,9.700545367274753,-0.0117684675647118,0.0232581896723626,0.1018129395523898,4.257695750153716,-0.7030090954940186,2.109442999360206,1144.6858047982282,1135.5456467658387,1118.722553622203,1150.2352533096223,-1031.8762813532608,-125.58245841367292,-843.9918478672782,-1203.457585248928,158.01448044044105
47.625,1.6014504126902287,-0.5391175836337511,-1.056136433249654,-0.0501172991439532,0.0175463270822635,0.0170151275162988,0.0011350462079942,-0.0014425509398942,0.0292761100042598,0.9995694317386246,0.0280979071497189,-0.0430476245641895,9.676794567933188,-0.0117245231726434,0.0233891276144524,0.1014259549259118,4.257658318084365,-0.702956895042919,2.109705069054536,1142.0573506442877,1135.0904802179643,1116.6937827089075,1147.6043504776956,-1062.6007063998827,-252.43943043410803,-749.7422481828378,-908.1364191131416,158.01990439471092
47.6275,1.6273072897111012,-1.025982929527344,-1.0131505434428467,-0.04618221063637,0.015795375199284,0.0139888766253915,0.0011183169291096,-0.0014241112751511,0.0292605175331646,0.999569946426371,0.0284169861827154,-0.0412654018113821,9.653761112456538,-0.0116627391379855,0.023538922874449,0.1009642369711364,4.257619933642492,-0.702905998899912,2.109965064446353,1139.3728012662336,1134.2834496136693,1114.973842381292,1145.6945712140607,-1069.555389787,-409.69617583438736,-582.4768720274936,-601.0549275738975,158.02530540920108
47.63,1.5780659257498086,-1.46717624404567,-0.9246986139439344,-0.0420986171522955,0.0119577722673958,0.0111768402458054,0.0011151499836942,-0.0014131879471657,0.0292516535679497,0.9995702374925228,0.0289481217065067,-0.0392567034913241,9.631478960231613,-0.0115819592207328,0.0237094503897823,0.1004326280927278,4.257580324308265,-0.7028561959036878,2.1102221646666552,1136.70957369535,1133.0419993387916,1113.7813983487683,1144.5990758398248,-1132.567229254858,-612.6542266306891,-382.7793581861303,-346.4886081922988,158.0306762220913
47.6325,1.4393233303042827,-1.8656282603414904,-0.78498110043046,-0.0372383350673594,0.005193194274196,0.008565179346434,0.0011194502964411,-0.001416799035924,0.0292517922887989,0.9995702337504346,0.029775490808493,-0.0371892556519005,9.609965443959757,-0.0114806567627205,0.0239007900051338,0.0998372778548142,4.257540589891037,-0.7028069550018636,2.110475784323281,1133.7099651199565,1131.2201784805143,1113.0599455903605,1143.9621281730983,-1039.0065046835289,-678.9727626158574,-148.00828614383863,-177.30280656180847,158.0370833749712
47.635,1.2675684631562452,-2.0489772344914607,-0.6588692947699553,-0.033668588331075,-0.0013473307756987,0.00703391106249,0.0011269387257251,-0.0014406381095668,0.0292621130538874,0.9995698960250337,0.0309597543130008,-0.0351964401460522,9.589219495864612,-0.0113587060731187,0.0241123105006013,0.0991848755888237,4.257502445274658,-0.7027573114816211,2.1107255350062744,1131.514541171937,1129.6471355257152,1113.04135691805,1143.7125618070163,-784.8435154678632,-581.4881487584197,92.88361511175731,-112.8300117829772,158.04238927967916
47.6375,1.0561586735101272,-2.0605639024000184,-0.5438645488320742,-0.0309403975055395,-0.0077511107072586,0.0061445612511257,0.0011327727787844,-0.0014838261650713,0.029279459661827,0.9995693211882576,0.0324383059487029,-0.0334178011656338,9.569221702664713,-0.0112185194472904,0.0243420661663785,0.0984823029961088,4.257466435870474,-0.7027061941114634,2.1109714358094975,1129.7857475426151,1128.3127377367207,1113.5243636659195,1143.3979781141832,-630.1713028063164,-478.6962284589943,286.3534288167911,-218.35862475202447,158.0476585678665
47.64,0.781333113307004,-1.8911997905001972,-0.4354791477866599,-0.0285444826062715,-0.0145656744921205,0.005556062460885,0.0011321245282132,-0.0015432565332337,0.0292993085828943,0.9995686508844356,0.0341124387585187,-0.0319884620789317,9.549933395660691,-0.0110637822904496,0.0245870138092747,0.0977363828483544,4.257432694694947,-0.7026525896211983,2.1112140465475338,1128.3636846579038,1127.2536543834192,1114.4731240621347,1142.6207686832558,-408.53425306191514,-280.72616650668414,372.51558210943807,-377.2308964441229,158.05393742267077
47.6425,0.551196769694619,-1.6256177967306975,-0.3736293484153541,-0.0271088787707275,-0.0192412605247269,0.0050553133425581,0.0011223166308193,-0.0016111712230231,0.029317426630207,0.9995680226216368,0.0358047785049162,-0.0309952374424943,9.53129692108019,-0.0108995188076088,0.0248436805635287,0.0969534499348478,4.2574006554766095,-0.7025956350018504,2.111454213718009,1127.7430762773074,1126.9091069041883,1115.386941576465,1141.5118236319643,-142.72116850581344,-36.67103447399256,348.4657467079651,-541.8850642523423,158.05913165142
47.645,0.3364065739402087,-1.2760502108224772,-0.3363182067997179,-0.0261996979561261,-0.022721983992687,0.0041380786792971,0.0011070026550733,-0.0016841418987299,0.0293297837554885,0.9995675533300252,0.0374345080205423,-0.0304008378228486,9.513234727413547,-0.0107300350139759,0.0251092280422683,0.0961391828278866,4.257369811637719,-0.7025352865296298,2.111691504589825,1127.6500788153744,1127.0702992110491,1116.2154527956754,1139.9113433619927,49.40320927314334,141.70015777269353,306.72350102575126,-792.3177737966893,158.06428499986248
47.6475,0.1123648700947108,-0.8170504628504973,-0.3100959012812663,-0.0257270741783638,-0.025381654804759,0.0027599859259033,0.0010906217877513,-0.0017632477928369,0.0293352468685959,0.9995672671511644,0.0390181775467101,-0.0301492797888891,9.495652308901802,-0.0105586129601019,0.0253807898571444,0.095298733971234,4.257339832040274,-0.7024723838041471,2.11192545475004,1127.9900923236733,1127.6176076930524,1116.9205590815943,1137.5502347629788,169.75014874953536,213.67021139600516,193.7387228732348,-909.649721902824,158.07042049234113
47.65,-0.0364285061806301,-0.441987934903706,-0.2998415652593618,-0.025812472574697,-0.0261779494443778,0.0017184428673016,0.0010755923009088,-0.0018457409358602,0.0293342002369168,0.9995671540227116,0.0405095188651188,-0.030213461464836,9.47844241957572,-0.0103890697283966,0.0256552843602224,0.0944365131615727,4.257310581816473,-0.7024076219444357,2.112156038288558,1128.4988295591213,1128.138650268028,1117.1841464100407,1135.3630947524828,213.72783676472844,167.73938596007216,31.346318498237785,-883.3211795650215,158.07549217025556
47.6525,-0.1368880437590879,-0.1140893045702775,-0.3029639437832505,-0.0264567154110503,-0.0256389105100233,0.0010128214916283,0.0010605867967665,-0.0019255018508514,0.0293271281638229,0.9995672131975498,0.0418074004254237,-0.0306270549658686,9.461488554822376,-0.0102256321157355,0.0259293058802393,0.0935561000324956,4.257281901962172,-0.7023414325121378,2.1123826785824495,1129.0587315074974,1128.4563046228532,1117.0772906740858,1133.1336288651514,209.71193138687525,62.087535912737685,-102.1640663877338,-876.3739248441717,158.08052023058227
47.655,-0.1941879888719204,0.1569303615112946,-0.3203649104232121,-0.0274302831767567,-0.0244591761984844,0.000573031126786,0.0010415444427031,-0.0019960742189919,0.0293146041241499,0.9995674460029929,0.0428137305201083,-0.0314663626936347,9.444667901649769,-0.0100722901924848,0.026199469260301,0.0926600421599036,4.257253081920348,-0.7022744389604796,2.1126056568237015,1129.5473892160562,1128.449087947592,1116.6733260781018,1130.9812251282597,160.31813138416538,-101.76652227178398,-226.561891697726,-826.8978232838225,158.08551158862906
47.6575,-0.2032299083976017,0.3552629250047411,-0.3565184748856981,-0.0283783896080539,-0.0231609166374412,0.0003089252957558,0.001010517741842,-0.0020577575235745,0.0292996299699271,0.999567773427898,0.0435660996177563,-0.0328760040510634,9.427854464570071,-0.0099313874713922,0.0264622951979229,0.0917498351768998,4.257224139486246,-0.702207082637702,2.1128253075943144,1129.8603221644175,1127.9474720114947,1115.9444812155982,1128.999139748736,86.36538622372557,-338.54735019232027,-386.0868101840268,-828.099410160425,158.09045812157007
47.66,-0.1731999014388684,0.520918974562448,-0.4150500625815053,-0.0291422859295641,-0.0218206684881051,-8.219106466867183e-05,0.0009622534530403,-0.002111640644608,0.0292868507851395,0.999568064289615,0.0441265753538529,-0.0349414788650255,9.410922520177872,-0.0098048154827314,0.0267154450633665,0.0908252618815797,4.257196106856007,-0.7021395727938977,2.113042613011064,1129.979216147175,1126.7563511966296,1114.7428920271807,1126.8407280774554,-0.2543590506773916,-522.8598245315025,-488.6099755484112,-759.4928324464697,158.0963414783747
47.6625,-0.1295182862085084,0.6122221769077093,-0.4636823003412358,-0.029395218031637,-0.0207958826858953,-0.0007037921306725,0.0009017906240865,-0.0021617808898695,0.0292783703085196,0.9995682420699756,0.0446241814947018,-0.0375482324842724,9.393748924440496,-0.0096937894445415,0.0269588989236252,0.0898839457575476,4.257170002201259,-0.7020723241463716,2.113258589159787,1129.859050369164,1125.3331728888359,1113.501431337855,1125.2016755865016,-90.70837695125256,-631.5874549346805,-539.929209035963,-631.6798861941439,158.10120009228217
47.665,-0.085334205726159,0.6689200500962597,-0.4885089742232601,-0.0292913729324499,-0.0195083063895337,-0.0018967911661121,0.0008336901205152,-0.0022129963408748,0.0292744706261468,0.9995682842962667,0.0452052175351978,-0.0405848187121952,9.376219908244893,-0.0095991274577862,0.0271928483652476,0.088921931519408,4.25714648507562,-0.7020058208211414,2.1134742527759127,1129.5256742624192,1123.598413921959,1112.043245982003,1123.6823286464876,-190.35073455128708,-796.8398982648994,-685.3517615125061,-647.7926544279268,158.1060123290132
47.6675,-0.0486112053481088,0.7072506890257332,-0.4596692713106722,-0.0289181924326925,-0.0173316544718237,-0.0041539562513858,0.0007611281491433,-0.0022632207169056,0.02927292914118,0.999568259830904,0.04588721861798,-0.0439562249617353,9.358236089048365,-0.0095223565489142,0.0274173835864075,0.0879338143714058,4.257125558975746,-0.7019395784357373,2.1136902506111976,1128.9072966964072,1121.348973397509,1110.0746725302906,1121.9627123143605,-258.00071403273694,-826.7947875838988,-753.7525668131601,-612.1007526048795,158.11173279380142
47.67,-0.0380732187456097,0.7214224254220881,-0.369694168164192,-0.0285791201004992,-0.0152798650539418,-0.0066051179932448,0.0006833108373815,-0.0023032370584012,0.0292720518120194,0.9995682439713748,0.0465518917114109,-0.0476328370225965,9.339716147079693,-0.0094652020769275,0.0276319326388041,0.0869132443442917,4.257105894525091,-0.7018731400173998,2.1139062112124383,1128.2356706922549,1119.4644399840374,1108.2744831479356,1120.6218248834616,-293.74694570873885,-734.7047601060101,-747.0372644451317,-508.08915317403086,158.1164542043882
47.6725,-0.0484148323615719,0.7297133700498893,-0.2092649674317718,-0.0283344565034993,-0.0137849964214642,-0.008964568805579,0.0006006110931016,-0.0023216320815543,0.0292724678428663,0.9995682484640535,0.0470393024712303,-0.0515576122778818,9.320597497735015,-0.0094282846629713,0.0278360736135192,0.0858531565559131,4.257085529395946,-0.7018062516931475,2.114122166309312,1127.4385619678649,1117.6754495969826,1106.3394862080684,1119.4222665484926,-369.8435191276912,-757.6129164551492,-873.1848832571894,-480.0024039843993,158.12112764247155
47.675,-0.0766875998426902,0.7483036168191677,0.0343300837174368,-0.0282622870337838,-0.012771703631406,-0.0102530486841502,0.0005209132670412,-0.0023174430578841,0.0292750955756633,0.9995682409492882,0.0473840322339208,-0.0555356859848711,9.300834961545123,-0.009408998381724,0.0280304539388189,0.0847460736908945,4.257062945633265,-0.7017383899613975,2.1143380516429873,1126.3864530966155,1115.6763754017595,1103.9085587316474,1118.2218128635384,-393.6119072766165,-713.3772001770456,-900.1925372823677,-391.6935724498487,158.12667953097295
47.6775,-0.1034993221732364,0.7739801534986873,0.2398411721825,-0.0286038897732865,-0.0117980180188243,-0.0094002048802363,0.0004458711982527,-0.0022992790363059,0.0292817252894027,0.9995681418721708,0.0477870677168013,-0.0594911217683052,9.280404178424913,-0.0094020094198618,0.0282144625445367,0.0835852389304932,4.257038149855557,-0.7016694180312005,2.1145530416166327,1125.4705024314808,1114.1085635960956,1101.8385235216542,1117.4637986862424,-363.7386813690352,-619.3816249172136,-821.8823201191498,-250.77112264907623,158.1312586002429
47.68,-0.1211750303861069,0.799025968683533,0.3976472983800352,-0.0294037985574775,-0.0100233903800169,-0.006999391643103,0.0003762376569264,-0.002275186482787,0.0292918728504783,0.9995679436958592,0.0484266016177969,-0.0633619464550967,9.25930200305325,-0.0094015051967618,0.0283872624916739,0.0823644767804832,4.257011756921012,-0.701599047645541,2.114766476453299,1124.567759689772,1112.5794672771765,1099.7991471310554,1116.967957250294,-350.5597023509386,-614.2929957779089,-795.8413222401267,-160.75906010824903,158.13578748912207
47.6825,-0.1258101991695401,0.8088118512401493,0.4911108725371335,-0.030173664081824,-0.0075848184234831,-0.004236878754646,0.0003132561645753,-0.0022493391161468,0.0293046762235742,0.9995676618090064,0.0493964611857719,-0.067073598083804,9.237545949574649,-0.0094019083691258,0.0285482127426724,0.0810783270624116,4.2569840792807,-0.701527166427028,2.1149783955314647,1123.7177039197277,1111.0370986172088,1097.8593169104572,1116.6600033857019,-319.64419423013186,-625.3862111152088,-731.7592508814307,-92.5394606702393,158.14027401863788
47.685,-0.1155272734959818,0.7855584325070302,0.5019961418988927,-0.0305197084062956,-0.0046489918116559,-0.0018205585457959,0.0002565462885039,-0.0022212077003033,0.0293199716503995,0.9995673031195897,0.050689623713062,-0.0705787181986374,9.215173179385603,-0.0093981411384865,0.0286967069226561,0.0797223881214364,4.256954885951424,-0.7014540313192718,2.115188161070068,1122.9695387186205,1109.4525362215988,1096.1403508766464,1116.5052599469427,-305.2262534460881,-705.3833705452719,-682.2916115645205,-55.81905956125284,158.14470843079644
47.6875,-0.0916868238921407,0.7165531748578322,0.4411570042032002,-0.0305579994000871,-0.0009899841060587,0.0002947791717442,0.0002118899548331,-0.0021889562688747,0.0293378653747254,0.9995668662120896,0.0522654622360502,-0.0737166389665468,9.192236910214872,-0.0093852409677247,0.0288335400324663,0.0782931398984919,4.256923621973432,-0.701380161666619,2.1153940443174295,1122.1915726524965,1107.5101817644806,1094.4478588526329,1116.3809080878955,-275.90827043575325,-714.8339294386595,-549.3014316318743,-51.070556779451245,158.1499679388326
47.69,-0.0653141220719502,0.6389283183391223,0.3576788735764453,-0.0304289357516991,0.0014555944746529,0.0013261732340405,0.0001810642288151,-0.0021548496576182,0.0293611153607195,0.99956626455967,0.0541442987581059,-0.0764056155921613,9.168804706338259,-0.0093576902463214,0.0289593783730438,0.0767886727622021,4.256890454207444,-0.701306294834871,2.1155940444030548,1121.5899973664427,1105.8783665744088,1093.3938437184895,1116.2499071630457,-257.9603647512657,-653.1710629948361,-349.77358994592873,-71.39642806242577,158.1542980991716
47.6925,-0.0313046159118484,0.5747081062597239,0.2802082706796156,-0.030243168368513,0.0025293219134775,0.0015336855254642,0.0001656798326566,-0.0021223206798464,0.0293924462149475,0.9995654130207408,0.0563555194428131,-0.0785710650214099,9.144955768594343,-0.0093103642360639,0.0290753730377175,0.0752082277139983,4.256855376380712,-0.7012327869126476,2.115787804194072,1120.9017708287395,1104.2443264495048,1092.6989909029023,1116.0239259475832,-366.67531570723776,-726.4470482939408,-244.16993578676073,-127.96145286604587,158.1585717689451
47.695,0.0259188362593096,0.5575474711263928,0.2355115116997683,-0.0300113181966901,0.00246204843836,0.0010701205913189,0.0001635315202769,-0.0020887980663408,0.0294322880266509,0.9995643087407328,0.0588058898706047,-0.0802090888468883,9.120780055229261,-0.0092400743202479,0.0291825577628364,0.0735519385359193,4.256818357811038,-0.7011597103738517,2.1159759916550374,1119.7566207879058,1102.2461313329372,1092.172994039555,1115.6100998987151,-505.76800504787184,-750.8242728327341,-167.99777322268528,-174.47128187361565,158.16363263835748
47.6975,0.0963876559539604,0.613112071286419,0.2577410275916915,-0.0298259501697573,0.0020971793479954,0.0005104149486214,0.0001672320635876,-0.0020513180808051,0.0294764600906515,0.9995630845117108,0.0613842084353962,-0.0814140782681006,9.096375099194434,-0.0091451223319668,0.0292815596098806,0.0718207340803973,4.256780239483064,-0.7010872078789492,2.11615881816871,1118.3729308035024,1100.4902050853443,1091.8590020367897,1115.1515695382159,-671.2917154585942,-738.6667288293069,-138.96101634743158,-200.1515610827368,158.1677922183304
47.7,0.203497993686216,0.7385750852165962,0.3467412862499727,-0.0296635254280193,0.0023336507047986,0.0001987074924891,0.000174608536648,-0.0020140468286462,0.0295202124990378,0.99956187226156,0.0641063591191926,-0.082194289859402,9.07184112468766,-0.009024212687731,0.0293740907144138,0.0700156724348306,4.256742546425174,-0.7010154234231512,2.116336324831809,1116.4001622106111,1098.5527976887888,1091.4781889578176,1114.6093420933007,-1011.75823150059,-908.4725251925091,-229.549379657802,-246.09555062007672,158.17189045203543
47.7025,0.3878024687127077,0.9341199945316608,0.5136431970599579,-0.0295173618726245,0.0040085114309392,0.000510500795985,0.0001857772823433,-0.0019788292930549,0.0295622982073389,0.999560704609498,0.0669440885088047,-0.0825222826631125,9.047281043775408,-0.0088777320057087,0.0294624429352338,0.0681377545485707,4.256706995474591,-0.7009446589640513,2.1165087969469143,1113.3141396459969,1095.9478424593797,1090.7112551385,1113.9210917851149,-1234.7907971267748,-1002.135987221256,-361.59854528156,-250.26462625737645,158.1767365614027
47.705,0.5922378750911994,1.0945704273893575,0.6777342988173108,-0.0292648174541771,0.0067804575266117,0.001600547952823,0.0001952230179397,-0.0019429449852261,0.0296000772956195,0.9995596650895336,0.0697828730692296,-0.0824769823746001,9.022800065046573,-0.0087081894153836,0.0295481442304316,0.0661882407110413,4.256674607926008,-0.7008742680064713,2.1166763744059103,1110.2262082249829,1093.542117752687,1089.6701962314114,1113.3580189620152,-1297.359016037599,-997.8475441498985,-521.7847678918647,-216.6280135708604,158.18071501035215
47.7075,0.842550213177801,1.2030413208887,0.8290967591931081,-0.0282387779071949,0.0106968201104127,0.0037793915880794,0.0001980669723183,-0.0019035895030652,0.029629518710518,0.9995588807384996,0.0725093865118768,-0.0821322337630233,8.998502497146518,-0.0085191999974611,0.0296327100156429,0.0641683425743967,4.256645536806883,-0.7008033583842755,2.116839957644369,1106.8273445658056,1090.9586047386276,1088.1023312990394,1112.83795171726,-1363.7035038059666,-1045.2814231000611,-718.8684878027703,-200.0626154449833,158.18463152691416
47.71,1.1156913968575923,1.2405995111672825,0.9409092692899854,-0.0263177087886999,0.0148854614808406,0.0068600785115727,0.0001899830271486,-0.0018610313431823,0.0296493552572829,0.999558390627008,0.0750705403571759,-0.0815610038373557,8.97448956322085,-0.0083144200551505,0.0297176335851978,0.062079362088232,4.25661974023576,-0.7007316817254983,2.11700056675259,1103.4076907059496,1088.315710637184,1086.0758537923955,1112.3577058847895,-1309.5883190387299,-1046.4752809174993,-911.017651348412,-186.27746904934273,158.1884973004136
47.7125,1.3897415881511372,1.177352189035262,0.9802864586927136,-0.0234739976494188,0.0187370604354451,0.0105869586509269,0.0001728772262931,-0.0018245436586914,0.0296594735314675,0.9995581768209894,0.0775832189140278,-0.0807368282451645,8.950855898030573,-0.008096539467828,0.0298050407591092,0.0599226678582668,4.256596725537259,-0.7006588483760259,2.117156749088601,1100.2794029706179,1085.726228334045,1083.5472430423015,1111.906564372014,-1236.271912001534,-1097.1024888738912,-1198.548411075604,-200.75413976923036,158.19230306722596
47.715,1.6803897405022254,0.9867409847284015,0.9358826416012745,-0.0188496358640301,0.0227631703148534,0.01479409274783,0.0001489996389299,-0.0018006078813957,0.0296597832730956,0.9995582268713308,0.0801193497860962,-0.0796337561443775,8.927691195231198,-0.0078685379899004,0.0298969887668499,0.0577000108078854,4.256576321671302,-0.7005848219084019,2.1173066900998254,1097.2263311459387,1082.8301981928118,1080.0831117370146,1111.353935185943,-966.2903859544771,-1009.7241310888256,-1311.1280486194687,-212.16180395729737,158.1968026244007
47.7175,1.862243984164316,0.7458066271537621,0.8353353471416546,-0.0138456966989247,0.0255963894755318,0.0174751197034459,0.0001226837133257,-0.0017895394568086,0.029652238600933,0.9995584797524067,0.082648179005515,-0.0781938151414374,8.905079497304383,-0.0076335502346998,0.0299958022556764,0.0554133897149475,4.256557239224987,-0.7005099616326702,2.1174500416222513,1095.447951040843,1080.677607678598,1076.9916027992008,1110.8457553522271,-537.744101029182,-794.4494962955508,-1237.8252903456428,-221.7876553475178,158.20049766513293
47.72,1.9557878097848544,0.4481776942469359,0.6989142102194555,-0.0080801212770216,0.0276156240442056,0.0191133672311994,9.795678062884051e-05,-0.001787109957055,0.0296422511171038,0.999558781544584,0.0850654791009955,-0.0763707405441637,8.88309807365576,-0.0073942717209521,0.0301038660806547,0.0530651238084904,4.256538150154223,-0.7004351181585668,2.117586988150715,1094.5376106407953,1078.8579507113377,1073.893985285292,1110.2449969092063,-221.7162579129538,-719.6096773631737,-1317.6480101598452,-295.25509824664726,158.20413756481315
47.7225,1.957126769027272,0.0728031148397488,0.5326244541748058,-0.0014201570986268,0.0286745667709323,0.0201175913744003,7.781246002237454e-05,-0.0017836744982905,0.0296357188179664,0.9995589739676354,0.0871780871057561,-0.0741412813905933,8.861816795819013,-0.0071530987220228,0.030223514307583,0.0506577832516325,4.25651825004174,-0.7003609297226063,2.1177180519661007,1094.3393697512777,1077.0795592917805,1070.403362748398,1109.3694798609931,38.63201528186279,-587.901905022881,-1213.2229038734451,-354.8449120863555,158.208442924414
47.725,1.8739620332017648,-0.2144789594615693,0.4145636130806593,0.00355065560077,0.0281647824763012,0.0204360837966519,6.346274492221915e-05,-0.0017721278454876,0.0296341275623409,0.9995590265264164,0.0888440568401638,-0.0715206510277037,8.84129562400951,-0.0069116630857823,0.0303567925903282,0.0481943146595334,4.256497812792588,-0.7002879420957154,2.117842181756972,1094.7307707172047,1075.9184411862216,1067.8278707659215,1108.4707723487738,211.8892721148876,-407.03322509799096,-937.264094259251,-406.2407075251088,158.21197914889555
47.7275,1.7235967713479259,-0.4277319960373524,0.3325917581330359,0.008023674449854,0.0261514555950021,0.0205524569815266,5.417566795545412e-05,-0.0017466162728533,0.0296377252564618,0.999558945994175,0.0899489254874795,-0.0685640161015681,8.821584239094822,-0.0066710081115754,0.030505367490126,0.0456779600850529,4.256477297070729,-0.7002159586681341,2.1179594008945664,1095.3988161118511,1075.0443931662924,1065.7170422771062,1107.3382763233694,285.7498131197092,-330.6060279444992,-811.3004177438539,-564.4051479035011,158.21546201010003
47.73,1.4952807622713016,-0.5597436396292087,0.2764220139113349,0.0125780081634436,0.0228721397022922,0.020779956122335,4.914490333487237e-05,-0.0017054535357851,0.0296479644034198,0.9995586964627766,0.0904573157440135,-0.0653341886927459,8.802720614952582,-0.0064313615138907,0.0306705566976816,0.0431120924271213,4.256457151806833,-0.7001444489422449,2.118070673147464,1096.159519782804,1074.2654110464985,1063.7713686772004,1105.6487466092549,228.39313320552856,-247.52532236294496,-620.3830227885201,-676.9228237711279,158.2195793526376
47.7325,1.2879848398209404,-0.55800448581688,0.2560311157362103,0.0154941091340736,0.0202281842452137,0.0212121903660398,4.94965718710484e-05,-0.001657234710112,0.0296662104644829,0.9995582222195024,0.0905197069637209,-0.061868094786001,8.784728966483737,-0.0061918988158697,0.0308532952973981,0.0405001378818169,4.2564378546353545,-0.7000727087568573,2.1181752477241615,1096.5407817778791,1073.806766554477,1062.615127163162,1103.953662204512,66.51513623093389,-147.6823854307874,-384.3953822693805,-726.833426894088,158.22295803171517
47.735,1.0862693680455275,-0.45402637259995,0.2465796657578148,0.0175503729786906,0.0180101856175059,0.0219903067249623,5.767770205932327e-05,-0.0016060105522473,0.0296912710176806,0.9995575519430356,0.0902095094990627,-0.0581782640304503,8.767623314285009,-0.0059523098936083,0.0310539627036731,0.0378453780420818,4.256418916417298,-0.7000001918850903,2.118272686973605,1096.4920954639583,1073.5269991193452,1061.8493917658552,1102.0145794747875,-133.41962550910003,-82.26623839096075,-279.73121876352036,-878.9194641731734,158.22628100710975
47.7375,0.865249245978601,-0.2514950445412378,0.2286322594791452,0.0193445879431677,0.016138028528814,0.023234270878399,7.52888349643668e-05,-0.0015535012793406,0.0297214348598788,0.9995567357382952,0.0895613625903727,-0.0542912295363902,8.751407487371138,-0.0057124274830704,0.0312722160196142,0.0351510751682204,4.256399575094669,-0.6999263991244772,2.118363403743431,1095.8736836503335,1073.395435362522,1061.2164710693437,1099.559064883644,-313.6833236248763,-14.9009089879579,-212.43010047262987,-891.5651027039971,158.23020257787493
47.74,0.6981013768329034,-0.0596114619088732,0.1987658361067352,0.0207379455505112,0.0158097543544309,0.0243787911329445,0.0001022154374846,-0.0015084118110613,0.0297549102341854,0.9995558139733334,0.0887335435941728,-0.0502661934631263,8.736073478811182,-0.0054716242835967,0.0315070220734342,0.0324206060110609,4.256379809257568,-0.6998509133728673,2.118446931395204,1094.9236788458331,1073.4524945744051,1060.7872412634915,1097.5567539612655,-448.9827939434681,52.559688495514415,-183.8460588024953,-755.5203879242122,158.23341459670343
47.7425,0.5370739541142955,0.1012731475938115,0.1514760305097444,0.0223756147157518,0.017056942607227,0.0253607940815503,0.0001395906876619,-0.0014765367369083,0.0297949991835964,0.9995546788213804,0.0878367824646455,-0.046137862871869,8.721603832827723,-0.0052293935943287,0.0317570927243659,0.029657102017395,4.2563600674872,-0.6997743866150165,2.118523480044836,1093.6287696806182,1073.658233804999,1060.297240775332,1095.7814629440263,-552.8798748651777,98.2867877854899,-225.99184085850172,-652.2544366685927,158.23656768914844
47.745,0.3701427823873453,0.2024542040780147,0.095891349807219,0.0240121290869524,0.0190584754601842,0.0259339647989587,0.0001868954426472,-0.0014545963506682,0.0298416816130869,0.999553332155194,0.0868245399731499,-0.0419610791231151,8.70797424794978,-0.0049862521403363,0.0320207241470589,0.0268635366314164,4.256340385403879,-0.6996968214162477,2.118593551622433,1092.1592794715095,1073.9439285133324,1059.6572820592,1094.2954817779255,-599.929897015511,115.79975181119595,-307.1112721413804,-515.7855997940804,158.23967149733107
47.7475,0.1881698499812071,0.2117781447485631,0.0440479810298315,0.0252226748560116,0.021154069814182,0.025906626972214,0.0002399395237538,-0.0014411381812559,0.0298906320298237,0.999551901502713,0.0856824657192148,-0.0378503149030661,8.695152298630482,-0.004743120768967,0.0322958007329672,0.024043017192061,4.256320907685084,-0.699617852451151,2.118656190317888,1090.6291201955391,1074.2372325640556,1058.7616844146244,1093.2025349450544,-650.7264254783277,100.52564867850693,-458.41671656520896,-400.99979635899615,158.24271561268122
47.75,-0.0470410418974258,0.1225837206273638,0.0041360434497278,0.0257407789894578,0.0229191238622587,0.025386379434215,0.0002920798805707,-0.0014323227794342,0.029938765267999,0.9995504825994724,0.0843567334590008,-0.0339564481662442,8.683099212268337,-0.0045012623935516,0.0325801056350047,0.0211986576457314,4.256301855450939,-0.699537584152317,2.118711011964144,1088.9056473441165,1074.4465567567252,1057.3651984763728,1092.2904827961295,-591.6669411602849,29.323401086848506,-559.4142751493649,-288.9183774590392,158.24629949693127
47.7525,-0.2508796592826856,-0.0124919396629102,-0.0021810947319525,0.0253931794263507,0.0233798393472522,0.0248556693678828,0.0003387645851751,-0.0014248101519771,0.029985157961208,0.99954910732609,0.0828070977135821,-0.0303890210048317,8.671769300202232,-0.0042620665184381,0.0328716531593751,0.0183332460078152,4.25628384570606,-0.699456215059418,2.1187580046601497,1087.6707854897404,1074.3838495694897,1055.96461303888,1091.7579430577607,-436.20259870249777,-97.53259339881437,-592.3145085578807,-199.0522317484538,158.24922869184078
47.755,-0.4534225785772288,-0.1720222709617065,0.0208390568454922,0.0244277151533069,0.022654442968847,0.0244811560604332,0.0003735407031299,-0.0014169115530813,0.0300285779877929,0.999547817021192,0.0810243145152564,-0.0272855258990773,8.661111676405168,-0.0040271546454475,0.0331685571411334,0.0154494071205722,4.256267501516666,-0.6993734219213764,2.118797332897419,1086.7246343506029,1073.9588937897308,1054.403625933582,1091.2952216373867,-345.2139676526765,-282.5709083802768,-697.3892668666009,-226.7068283311096,158.25209874512967
47.7575,-0.685220581671354,-0.3489573213126992,0.0741493880965069,0.0227324448570429,0.0207710414697719,0.0242058065441381,0.0003926114970725,-0.0014088411316633,0.0300667195209428,0.9995466825794475,0.0790365009140345,-0.0247323976408272,8.651070408892506,-0.0037983474666109,0.0334692637845383,0.0125492221680858,4.256252933347375,-0.6992897873077508,2.118829896567055,1085.944715651476,1072.9709950275876,1052.4776667045453,1090.6244089161044,-232.24189602709177,-436.3990843184969,-695.4908103035864,-289.13377292505095,158.2554748649884
47.76,-0.8630261800385556,-0.4633276631473833,0.1287964110479832,0.0208793682205146,0.0188737539353904,0.0241868194260601,0.0003991928607222,-0.001403290556933,0.0300967328362926,0.999545783947146,0.0769211037482525,-0.0226906135629958,8.641584570825103,-0.0035775027585311,0.0337726047232614,0.0096339256293116,4.256239896248696,-0.6992055710580211,2.1188558582261265,1085.5634248704685,1071.7768983681403,1050.9261718820671,1089.8495527727628,-110.86502185283975,-530.5681468476464,-590.8030100039174,-373.2380181999725,158.2582315848474
47.7625,-1.0184699023789459,-0.5342563244112296,0.1758198144192724,0.0184835314229263,0.0171372461574841,0.0246445044539099,0.0003967667883746,-0.0014033572282203,0.0301188710487013,0.9995451078455948,0.0747659470369886,-0.0211126457563739,8.632591516884716,-0.00336620701749,0.0340775159564516,0.0067043900566449,4.256228217027292,-0.699120756764204,2.118874962389154,1085.3903905422117,1070.318154293348,1049.5236516545242,1088.7582188251035,-49.785643703464295,-658.7938274039783,-570.3722607750288,-558.3695373987993,158.26092868005384
47.765,-1.1735430891667336,-0.5741633309063676,0.2007192113946867,0.0150156031349447,0.0153564635453492,0.0258239855078835,0.0003893026015163,-0.0014113500963643,0.0301326262426545,0.9995446667260608,0.0726473956121006,-0.0199375821223728,8.624028395652305,-0.0031659138096384,0.0343829662478108,0.0037611805968117,4.256217412077389,-0.6990350475033694,2.1188869474139964,1085.314496651951,1068.4829292311188,1048.0743105781903,1087.057705085767,-23.18854286365712,-651.4484213265873,-489.97963225896456,-680.08146673963,158.26409454568036
47.7675,-1.2753772963332173,-0.5783348248472707,0.1829962054716743,0.0118644550620149,0.0141174192620482,0.0270880955858259,0.0003819379118382,-0.0014300045179689,0.0301397676901972,0.999544405161868,0.0706517287852945,-0.0190810155392946,8.615832993989427,-0.0029776139864959,0.0346879499990127,0.0008045667227934,4.25620736726917,-0.6989482321527568,2.1188913310230553,1085.2744478278935,1067.060912186718,1047.0737534932316,1085.3578114914087,-31.842757231363148,-511.1214532754843,-359.6570279731147,-714.0671912780803,158.26667207634603
47.77,-1.3516715641065415,-0.562658433723571,0.121951349303467,0.0088844519459481,0.0130316701210572,0.0280929952071496,0.0003762703910308,-0.0014591492480665,0.0301452963584077,0.9995441757604184,0.0688147249555017,-0.0185150002297306,8.607946748483478,-0.0028017033524067,0.0349914912149081,-0.0021651828316542,4.256197755485992,-0.6988607614370319,2.118887587130303,1085.155282865794,1065.92732196474,1046.276025438324,1083.487369129375,-75.25756587961737,-390.97751140687257,-288.78404649102555,-749.2209497943155,158.2691837630062
47.7725,-1.4097417375186592,-0.5357850558030371,0.0316002585285325,0.0059729941977787,0.0117820693327323,0.0286162921433089,0.0003695170768142,-0.0014932535017262,0.0301532064996035,0.9995438693356936,0.0670773608021864,-0.0182806919326262,8.60031651204278,-0.0026381353901366,0.0352927328842611,-0.0051478090344757,4.256188294299616,-0.6987727841463772,2.1188758047742295,1084.8981599984952,1065.1060246296827,1045.6298332607755,1081.6117067424352,-150.9964242431588,-254.19308431142247,-224.36629180422128,-713.0203537087373,158.2716382029308
47.775,-1.445559686852651,-0.4994220110940204,-0.078767773510534,0.0027341540817388,0.0100710995048139,0.0284765564668275,0.0003609165526455,-0.0015264579593923,0.0301669391007477,0.9995433939438164,0.0653750561817706,-0.0183813240569906,8.59289299096479,-0.002486330279626,0.0355909471557121,-0.0081435463931796,4.256178922627609,-0.6986837722790282,2.1188567634583055,1084.4003007445788,1064.656356543184,1045.154193979304,1079.9222673608347,-288.28126712677454,-135.1952905769612,-168.45374113573166,-653.0066285168983,158.27401980570204
47.7775,-1.4574106139180816,-0.4546184465390025,-0.2126493684391161,-0.0015259371890878,0.0081662298041432,0.0276706863391707,0.0003516844027947,-0.0015518829204317,0.0301887603539439,0.9995426915494452,0.0636246483807177,-0.0187832605905803,8.585631800958097,-0.0023452365225629,0.0358854811597811,-0.0111531522314378,4.2561694391567135,-0.6985933923269131,2.118831270286384,1083.4567536628604,1064.4300481767975,1044.7875645550967,1078.346673599849,-408.04727033216335,-58.30725815264232,-96.1799228471099,-476.5723393092521,158.27678841817624
47.78,-1.436915233365169,-0.4301156104216097,-0.3124248736837043,-0.0050087264039613,0.0073643661864361,0.0267118302313298,0.0003419239185096,-0.0015706964311064,0.030218406702084,0.9995417651770088,0.0618771366990782,-0.0194741974832955,8.578493382971084,-0.0022137086805305,0.036175849727222,-0.0141775451678874,4.256159833814621,-0.6985017908818085,2.118798961986428,1082.3600643929171,1064.3648202524207,1044.673294365068,1077.5394056642872,-500.57114633823454,-36.20735919333693,0.4036881836786084,-204.76638149776116,158.2790179930356
47.7825,-1.3806352619344209,-0.4371409235779514,-0.3901470958271926,-0.0081612327370141,0.007313459705494,0.0256635216841419,0.0003329572621546,-0.001580903667522,0.0302534181278906,0.9995406898997896,0.0601255163543433,-0.0204179674705026,8.571445130589641,-0.0020904171190099,0.0364617698465435,-0.0172179252974314,4.256149629732564,-0.698409166206799,2.1187597696674074,1080.9538979311717,1064.249011380831,1044.789582996015,1077.3228416923612,-676.8833020801769,-95.70983713078579,108.17779991733836,29.71746088045009,158.2811641698653
47.785,-1.2650596272408228,-0.4903868072028814,-0.4523181222729533,-0.0119105016133133,0.0069642104293564,0.024281329503682,0.0003270880966198,-0.0015818422783409,0.030292670968992,0.9995395001096248,0.0583820394740343,-0.0215620811135582,8.5644610346827,-0.0019737831885162,0.036743214950699,-0.0202756091550014,4.256138625228986,-0.6983157768072751,2.1187139772145676,1078.9756478825143,1063.8862710667663,1045.2141833646551,1077.6879929686895,-757.4061789563293,-183.19638410611964,199.5514849569988,212.9785974648532,158.28364104684647
47.7875,-1.122194344701781,-0.5656213206400861,-0.4765562687191408,-0.0151800960078172,0.0057280482425575,0.0229740993602272,0.0003252683499891,-0.0015785650998492,0.0303315690645322,0.9995383278247024,0.0567503000237778,-0.0228796392915257,8.5575217343035,-0.0018627157452369,0.0370205108443962,-0.0233517202122185,4.256127058092784,-0.6982220882101808,2.118659948378502,1077.166867036388,1063.3330294603,1045.7873404208003,1078.387734679686,-730.766944153748,-273.0803398185099,260.0093533609288,318.3004997767678,158.28562222885077
47.79,-0.9262998566318884,-0.6582444594211208,-0.4730086024266078,-0.0182761550565854,0.0038096008316096,0.0216787262915841,0.0003257417810667,-0.0015751937583992,0.0303631732482766,0.9995373798400212,0.0553105081835536,-0.0243894389535847,8.550615995089926,-0.0017565028367352,0.0372944237653668,-0.0264470999438434,4.256115090375625,-0.6981287787865404,2.1185973592886276,1075.321813161749,1062.5208693676752,1046.5142301314584,1079.279495467572,-786.0486941263459,-399.52783802511954,326.15712557082276,380.12133334217293,158.28751737509958
47.7925,-0.6356964001371292,-0.7768680318156221,-0.4413640203326623,-0.0211135178854713,0.0016652182561841,0.0203179772638929,0.0003220368059523,-0.0015720743583595,0.0303848873468564,0.9995367357198804,0.0540712934783481,-0.0261896138223169,8.543741368674882,-0.001654231504719,0.037566268331332,-0.0295622409118263,4.2561032572083946,-0.6980364226303091,2.1185272239483846,1073.2366235657544,1061.335390270173,1047.4181260486555,1080.2883413463978,-719.5561967932873,-449.8979174577898,311.59508241023536,322.7301820707166,158.2896932182304
47.795,-0.3596656942327445,-0.8764495207864134,-0.3970104695136161,-0.0224261421292014,0.0001433815122392,0.0193145870900316,0.0003114389579039,-0.0015766302180295,0.0303977141649368,0.999536350637957,0.0531592982867635,-0.0283180099330848,8.536900003763982,-0.0015554952628959,0.0378373152485355,-0.0326978939980582,4.256092748155315,-0.6979446736029477,2.118449725712828,1071.7240321777808,1060.2713797803851,1048.0722055435103,1080.8931463779263,-537.0426836071483,-416.642033954228,214.52247174885497,161.96385911163085,158.2914260394081
47.7975,-0.0682348850241401,-0.9672849436362924,-0.3400781371851163,-0.0226964820827938,-0.001538316088711,0.018355480819748,0.0002924815984456,-0.0015930514772656,0.0304035475787885,0.999536159059742,0.0526409472125526,-0.0307890603651378,8.530100416981067,-0.0014600096613812,0.0381086033884107,-0.0358549080097872,4.256084096640114,-0.6978533151521716,2.118364931913809,1070.551410147721,1059.252180100404,1048.4907384073988,1081.0981606419552,-404.4603552694048,-385.7768058090487,116.63962704782024,4.8889620822567394,158.29307801524152
47.8,0.2217189442927044,-1.0378877006184875,-0.2777308390873553,-0.0223370050906552,-0.0037280940653652,0.0174259039494227,0.0002642035189342,-0.0016204628545578,0.0304029992732466,0.9995361428697476,0.0524906371001535,-0.0336046592157832,8.52335721465672,-0.0013673454979496,0.0383807470705127,-0.039034098190297,4.256077496350836,-0.6977620119697491,2.118273372224892,1069.7017304014328,1058.342495751339,1048.65540367875,1080.9175911883376,-262.31299026517485,-328.57417789092796,4.957543447514773,-164.14485473324717,158.2946652680378
47.8025,0.4957121536004774,-1.0632101813316295,-0.216957031900934,-0.021440516959751,-0.0067845375386687,0.0167159870718453,0.000229457591035,-0.0016597150683733,0.0303968047431298,0.999536276157002,0.0527087972130625,-0.0367008281660355,8.516688444979147,-0.0012769947302191,0.0386535050391001,-0.0422363327861723,4.256072674673161,-0.6976701541845594,2.1181749961506524,1069.2398451963943,1057.6093092109484,1048.5155261246364,1080.2774363682884,-124.8283206268978,-281.53599943769365,-113.74825947297154,-372.56882187000207,158.29617767993582
47.805,0.7896627145872449,-1.0187149016277834,-0.159235449580569,-0.0197316266719146,-0.0111485771232818,0.0164388975533883,0.0001899201083492,-0.001706153784669,0.03038811829353,0.9995364694014994,0.0531967121576043,-0.0400286029573375,8.510116910139587,-0.0011873315505374,0.038926018144733,-0.0454620305367622,4.256068799833317,-0.697577083969287,2.1180688527106346,1069.0775887982988,1056.9348157541515,1048.0866623813856,1079.0547470789893,-7.771930626764176,-219.16491528779872,-179.06870655378887,-505.80791592175547,158.29791069567352
47.8075,0.9928896147083912,-0.91479697133878,-0.132938462685059,-0.0176258213029438,-0.0145725509612394,0.0166508200619406,0.0001493756058647,-0.0017510328868141,0.0303783736970009,0.9995366940598482,0.0537819324286564,-0.0434974595067295,8.503668219323423,-0.0010957367568158,0.0391965332445554,-0.048711303619871,4.256064173888213,-0.697482295142455,2.117953992808821,1069.2009855432607,1056.513484634509,1047.6201825918668,1077.7483967886783,83.28673398141578,-150.93445620638255,-180.94749804040316,-555.0109604401201,158.2992903874224
47.81,1.1367376077436095,-0.7551022972432913,-0.1336634221701498,-0.014664209124738,-0.0169191311574903,0.0169962277081132,0.0001134062096776,-0.0017857929006335,0.0303673120939832,0.9995369744534058,0.0542914544986952,-0.0469822365849362,8.497369143209745,-0.0009989295076393,0.0394624975729456,-0.0519839405776232,4.256057368649016,-0.6973852800785584,2.1178297035334688,1069.494022468206,1056.1801434731194,1047.1819248911831,1076.2796922767873,144.6687827316006,-141.96075801018375,-158.02471684051673,-647.9644703681952,158.30060802407786
47.8125,1.2264496560704092,-0.5301467984025064,-0.1580124272509816,-0.0103767079782004,-0.0184244707083794,0.0172940888791503,8.281392806609784e-05,-0.0018044193321021,0.0303564062938441,0.9995372799248304,0.0545896233229041,-0.0504360852890417,8.491247373957185,-0.0008931792767407,0.0397214426429699,-0.0552790131370529,4.25604784036332,-0.6972865670869524,2.1176959796945014,1069.924329456918,1055.8036808444588,1046.830059007665,1074.5085744368405,156.66906892025204,-145.0776862905923,-85.29162960038347,-624.298993985007,158.3021236256349
47.815,1.2298540362828707,-0.3381974612827511,-0.1833666288421104,-0.0067839159205004,-0.018967257359502,0.0171441410206094,5.529000418501484e-05,-0.0018033091485622,0.030346998572398,0.999537578711435,0.0545771849700796,-0.0538612978611425,8.485330006349729,-0.000774907713431,0.039971155383249,-0.058595169312408,4.2560355700593036,-0.6971865996426654,2.1175537496548005,1070.2773678128067,1055.454755041667,1046.7554667431816,1073.158197306865,130.1616396367324,-157.3809533104954,24.36229500861945,-486.28291953407506,158.30333683239195
47.8175,1.1683364661789533,-0.1625243985345315,-0.1896496082362565,-0.0036336043836511,-0.0189875856490957,0.0162351940536301,3.434576658101718e-05,-0.0017846137040419,0.0303414911897919,0.9995377921751823,0.0542539834732683,-0.0571597223961519,8.479640385934317,-0.0006415602195933,0.0402088592362756,-0.061931440041567,4.256021249863419,-0.6970849840153838,2.117403274369104,1070.575137655102,1055.016776077906,1046.9518704827083,1072.0771598391689,116.78328281962814,-219.56382760465797,146.54619251074797,-391.64393126437034,158.304504364983
47.82,1.0400663904724414,0.0165127839198399,-0.1493591303287483,-0.000443435694459,-0.0185484656816795,0.0143391642245549,1.8126867067796985e-05,-0.0017509480785445,0.030342058387448,0.9995378482482976,0.0536247690468236,-0.0603201231046419,8.474200138994577,-0.0004915668279314,0.0404326138834581,-0.0652864076303088,4.256005950166648,-0.6969821435792823,2.1172437090643803,1070.8612842269051,1054.3569359036433,1047.4881977057355,1071.1999776505422,96.62077417114835,-263.1333908001244,235.78090726003737,-245.4087849389865,158.30585931741967
47.8225,0.9050710353464128,0.1375077524947368,-0.0686566963846582,0.0016661731950148,-0.0180036612229556,0.0125871500690674,2.187330383943657e-06,-0.0017054993324383,0.0303473677242692,0.9995377806107036,0.0527040091524578,-0.0633713074361003,8.469027818122253,-0.0003249276115782,0.0406412521373072,-0.0686584648295918,4.2559903720292525,-0.696878285985596,2.117075588138951,1071.058241525957,1053.7011091239065,1048.1307750190072,1070.850115914475,75.54935160179184,-274.2388805238495,274.6970464493602,-66.3309871260596,158.30695456828695
47.825,0.7596922004273197,0.2347922278270125,0.0475302561952692,0.0032093591341551,-0.0174064736139924,0.0117998734494437,-1.304680538695002e-05,-0.0016550777209591,0.0303580606645427,0.999537555886989,0.0515744326346064,-0.0662591570063277,8.464136591703252,-0.0001434086514309,0.0408335151610364,-0.0720464512137382,4.255975862479297,-0.6967732553323481,2.116900360640264,1071.2390309849143,1052.9857415010233,1048.8616829379832,1070.8683227149115,71.95822850972903,-281.6173299570815,284.8526062849394,55.07669670002453,158.30801959952575
47.8275,0.6157913982883009,0.319947824721722,0.1684897121895912,0.0044444192802625,-0.0166410685211533,0.0124348891930495,-2.854780600837266e-05,-0.0016060798409887,0.0303755848817558,0.9995371172885756,0.0503173263516069,-0.0689520413790159,8.459535443781974,4.989196156367114e-05,0.0410089043928164,-0.0754490819002609,4.255964018815018,-0.6966670863840208,2.116717923884875,1071.418032668506,1052.2930224741203,1049.5550380504328,1071.125499397975,70.67822668588694,-247.89882763534288,240.31335661151417,136.78273899425838,158.30906291407837
47.83,0.4795518571106434,0.4015901852035517,0.2626377656984424,0.005577565208989,-0.015706763484622,0.0143056846160891,-4.359005766034986e-05,-0.0015596415188214,0.030398693053419,0.9995364989837467,0.0489337038103197,-0.0713870284944583,8.455229003330313,0.000251234464987,0.0411673050004414,-0.078865031494236,4.255955016512847,-0.69655985226936,2.1165277934838023,1071.5924221183432,1051.7462473628475,1050.0632497210397,1071.5522364098824,71.67649674507601,-175.09850499186675,150.62600551742915,193.3929810203983,158.31008365955435
47.8325,0.3271421057915922,0.5113879294412589,0.3206390944686891,0.0065998575148221,-0.0147849071923287,0.0165618370130703,-5.721509298631442e-05,-0.0015175025462064,0.0304244176685699,0.999535788068072,0.0474446367907786,-0.073499578675346,8.451216454008808,0.0004558718945766,0.041309273072763,-0.0822926425434347,4.255948506053667,-0.696451918332536,2.116329177318307,1071.7764151522315,1051.4175299491603,1050.3081680780203,1072.0924643030778,59.21208957931112,-48.07979045601583,15.725884159920636,180.45670860369543,158.31128658904373
47.835,0.2091968577650248,0.6225529022575658,0.3233631407770221,0.0069134030622315,-0.0142100332260001,0.0178786036622503,-7.014553820525151e-05,-0.0014815578780965,0.0304502056438096,0.9995350591130792,0.0458840152898143,-0.0752576819608444,8.447491618476686,0.0006586335645615,0.0414363990954316,-0.0857297053468193,4.255944453078814,-0.6963439036070527,2.116121157638866,1071.88848256624,1051.5058484105675,1050.1418791418391,1072.4545199529011,31.87559481651249,118.97170859044213,-145.457357009805,105.75705942938453,158.31227333884672
47.8375,0.0968998969284159,0.7567272844153172,0.2934205282417445,0.0070491228313288,-0.0134983964148025,0.0184993652664448,-8.310661474097763e-05,-0.0014485144331646,0.0304731949055768,0.9995344031659568,0.044209534988228,-0.0766323103912856,8.4440434388087,0.0008551120636777,0.0415510203098347,-0.0891736587536044,4.255942280869701,-0.696236258636805,2.1159029580685647,1071.935793126314,1052.0123884921122,1049.580881292972,1072.6212496002242,3.2621530299804045,308.59394358624417,-323.2061744417644,13.10687718286556,158.31324644208732
47.84,-0.04131102237725,0.9295744037979548,0.2413850847124174,0.0073779950074108,-0.01170187394838,0.0187016360208869,-9.486918204081363e-05,-0.0014173406632508,0.030491841535199,0.9995338676720368,0.0424295581444941,-0.0775699747213725,8.440854771731841,0.0010408497559397,0.0416558047691847,-0.0926219148166855,4.255942361268192,-0.6961291853790678,2.1156746763116328,1071.90479333139,1053.0488181284995,1048.5258482696297,1072.5200543388155,-25.09530525434082,429.6587456326127,-430.74338869201506,-91.49234057158404,158.31440084539224
47.8425,-0.166647127218757,1.0624234341174463,0.1962632177327477,0.0077396358363531,-0.0089587260468126,0.0187722206688354,-0.0001090083353073,-0.0013904357130139,0.0305058976993424,0.9995334547832688,0.0406183879181195,-0.0781086622447001,8.437903612035438,0.0012113272099784,0.0417548457250349,-0.0960715235263971,4.255945098145056,-0.6960235002506918,2.115436692965165,1071.8103166000424,1054.1606822202764,1047.4271643495108,1072.163787897366,-46.86798538336631,458.32842208402167,-456.28059803948986,-194.1926859906236,158.31535313417473
47.845,-0.3045617888731033,1.1574618444205425,0.155366463038215,0.0076903946943393,-0.0053655359413499,0.0190282332254297,-0.0001279861345071,-0.0013733771313273,0.030515937016167,0.999533137940168,0.038913431783082,-0.078278672668879,8.435163216857653,0.0013621185163573,0.0418524346425875,-0.0995198652923722,4.255950380187193,-0.6959194240547255,2.115189300789948,1071.6704534044732,1055.3404602389176,1046.2444452794343,1071.5490909088635,-61.6853932733332,485.97580965281537,-507.639991309556,-310.7748935997508,158.31629650938595
47.8475,-0.4753194990292209,1.2110433264729288,0.1116861137588541,0.0067159196530129,-0.001296229921838,0.0194124522870599,-0.0001525625768323,-0.0013676604119736,0.0305243877466088,0.9995328406295956,0.0373911932788266,-0.078089673223719,8.432604157062698,0.001490668591598,0.0419525736047196,-0.1029648429258765,4.255957500638364,-0.6958166570717339,2.114933231047384,1071.5018896336755,1056.5905612685417,1044.8889643929615,1070.6099134293663,-53.52135096415613,399.53619250748056,-467.90635808673574,-354.87627878264936,158.3174189934228
47.85,-0.6107804649981392,1.203550340307671,0.0790311703533468,0.005362864259258,0.0016197825488937,0.0196903494367215,-0.0001829714186811,-0.0013694573634687,0.0305364209512934,0.9995324101707308,0.036043606620748,-0.0775501747986594,8.43019591004083,0.0015970350458097,0.0420588781462795,-0.1064048411009237,4.255965309735662,-0.6957143981341352,2.1146688969495164,1071.4028466496525,1057.338141201456,1043.9049134889995,1069.774709514949,-23.045527418228673,212.93785960389224,-349.754250256319,-310.34051735733584,158.31834655161103
47.8525,-0.7254716378818331,1.1448115311343576,0.0498132219297405,0.0037630444003165,0.0042745589538318,0.0198800851855813,-0.0002148622127281,-0.0013759420581476,0.0305554754346277,0.9995317474770385,0.0348836734536363,-0.0766017199825113,8.427907017428614,0.0016824092876445,0.0421735321689512,-0.1098390767791932,4.255972631319585,-0.6956121301805382,2.1143946721884084,1071.3866619965845,1057.65525056656,1043.1401931416815,1069.0582108425813,10.37067610804494,48.31000985138674,-265.6722483286108,-240.79875926583057,158.31926562486905
47.855,-0.8131419403551144,1.0452403705875692,0.0236675912003022,0.0019238905709797,0.00678707877814,0.0199984748835987,-0.0002422763007697,-0.001383873323855,0.0305795291019876,0.9995309237407216,0.0339168589174776,-0.0751674897034651,8.425707330080929,0.0017490696345481,0.0422977345977582,-0.1132674474619771,4.2559782432530495,-0.6955090683314322,2.1141094107374565,1071.4547000301927,1057.579691250713,1042.5765522473555,1068.5707157186196,47.59497334496084,-119.74319518884172,-178.7881113926227,-116.84445449203328,158.32017703712765
47.8575,-0.8564899609732616,0.8965781602664258,0.0020341979571458,-0.0001674762154117,0.0091525997876716,0.0200491008617366,-0.0002605697294747,-0.0013905428878355,0.0306052823048255,0.9995300531159584,0.0331534944147461,-0.0732017449294642,8.423570023935566,0.0018003394136529,0.0424323427851436,-0.1166905444919779,4.2559812090020115,-0.6954054042235235,2.1138142528287047,1071.6246368633094,1057.0565345906157,1042.246252584718,1068.4739885701208,94.14244776443789,-313.89680205703723,-98.9585870918281,57.22573472299448,158.3210780812284
47.86,-0.8432931934310899,0.6614671665098372,-0.0171538107164468,-0.0029539419369613,0.0121025638382329,0.0200563016693352,-0.0002689588586325,-0.001397433507532,0.0306302629274347,0.9995292229042102,0.0326670404795135,-0.0707337670759679,8.421473293367114,0.0018395338041726,0.0425786153345224,-0.1201097099970278,4.255981149073262,-0.6953015974673509,2.113510011388399,1071.9254122690145,1056.0102072404293,1042.081759311897,1068.8568443922343,120.0531348627305,-434.6606551343989,-28.613321873111914,214.0896465802412,158.3221456702022
47.8625,-0.7704034576861467,0.4229671947513519,-0.0260127859822554,-0.0054506547612621,0.0144906638249487,0.0200307589454441,-0.000266794694063,-0.001408150758767,0.0306546706413733,0.9995284418661904,0.0325595765017725,-0.067803050955474,8.419401808139897,0.0018700105850393,0.0427374468367664,-0.1235274882480675,4.255978061353256,-0.6951971948400205,2.1131982819221578,1072.2249025376232,1054.8832313149423,1042.1031859753523,1069.5444368030223,117.34086393660982,-483.0624688910832,33.68378156513341,324.7290849234717,158.32302264027635
47.865,-0.6312961010352676,0.159720506900605,-0.0252560612988151,-0.0077387300932144,0.0160476193334338,0.0199810036151144,-0.0002557451735221,-0.0014229305748855,0.0306800193797078,0.9995276725114536,0.0328667917325953,-0.0644918150321417,8.417349055106742,0.0018959274496623,0.0429099313792131,-0.1269473748999998,4.255972938952976,-0.6950917469162978,2.1128809937641737,1072.5121165886978,1053.5948948959726,1042.2501782197228,1070.4804898168525,102.18480216635923,-586.9378087853756,86.1364413065859,428.68676055448185,158.323884801384
47.8675,-0.3979404450250971,-0.1418906825827554,-0.0102518970714594,-0.009738524570549,0.016185345601335,0.0198988131618784,-0.000240606879394,-0.0014420388271209,0.0307042271754077,0.9995269576855464,0.0336133269216906,-0.0609385762404983,8.415317986750534,0.0019206745998066,0.0430977777684169,-0.1303734517549977,4.2559671640418095,-0.6949854398565594,2.1125579695281567,1072.7358265484547,1051.9485422710184,1042.533868181885,1071.687870605793,43.31898557527496,-612.2104575516964,116.94059553090867,428.3633684100633,158.32490025601308
47.87,-0.162861879573555,-0.3431116408722343,0.0161072374832543,-0.0105840142394886,0.0147230275861635,0.0198185108323917,-0.0002266822406583,-0.0014653814324048,0.030727091731038,0.999526285748321,0.0348080849928257,-0.0572930234937387,8.413320989708268,0.0019472161613069,0.0433027715482977,-0.133810171668203,4.255962091115864,-0.6948786805597376,2.1122297570236137,1072.7287115165743,1050.5338426082124,1042.8348811973776,1072.6223066589039,-64.52700199894362,-568.385645481367,127.44994289953712,334.1103362913255,158.32572896713327
47.8725,0.0920794102477679,-0.4535612701579974,0.0584774376888765,-0.0103411222671206,0.0119936222039802,0.0197473539518978,-0.0002173564478446,-0.0014897755367197,0.0307504494496986,0.9995255924543476,0.0363997984231069,-0.0536725523812312,8.411379349032943,0.0019788359575604,0.0435261313686674,-0.1372620703015602,4.255958428030464,-0.6947716908374264,2.111896839210648,1072.4131915384598,1049.10661404361,1043.171117896383,1073.3584222872505,-227.50353486265112,-625.2253043614248,147.05624049888416,265.7205129153824,158.32653756228672
47.875,0.396884478700808,-0.4642948189297205,0.127121369141087,-0.0089338879580124,0.0082920692366692,0.0197278623390623,-0.000210655770897,-0.0015124371234908,0.0307759981073504,0.9995248216634662,0.038337547963784,-0.0501046959705031,8.409520882894794,0.002018180397881,0.0437674795530765,-0.140733521047179,4.2559561090086575,-0.6946645251347322,2.111558530961791,1071.591193842262,1047.4077160864083,1043.5701623998712,1073.9509092234796,-378.6111273095945,-615.8632250375521,137.82861266234963,170.12838902339365,158.32748223193127
47.8775,0.6387569036980306,-0.3857466015102472,0.1958473513420409,-0.0073789084193685,0.0058262660284646,0.0198348161695971,-0.0002066327199613,-0.0015306649348995,0.030805398019286,0.999523922145724,0.0405621778094852,-0.0466498618904524,8.407779219100894,0.0020675995360319,0.0440267161088668,-0.1442275512322263,4.255955267896836,-0.6945572503435529,2.1112142263093214,1070.5201359019136,1046.0272979184251,1043.860260959694,1074.2090642323667,-497.97902813776983,-536.8580595290023,96.99503463170498,62.84939759795147,158.32824633130699
47.88,0.8626189046750984,-0.2615911833051249,0.2683819510789039,-0.0059274929912105,0.0049437010156089,0.020185073856514,-0.0002013741050177,-0.0015414632640237,0.0308380058898195,0.9995229186039932,0.0430032446448186,-0.04329879033878,8.40619019352909,0.0021291973955431,0.0443022425576566,-0.1477458992246839,4.255955213999106,-0.6944498254890452,2.1108634097275583,1069.101298701572,1044.723425788762,1044.05513757303,1074.2651562114695,-606.1266789937317,-501.30863136061447,54.06545992202117,-4.768487048111017,158.32898471498865
47.8825,1.0679018679679653,-0.144081002329965,0.3349430632237761,-0.0043045417762149,0.0055542272353879,0.0208367661989998,-0.000187625556844,-0.0015434982570264,0.030874313440177,0.9995218002839736,0.0456128910892237,-0.0399831736531017,8.40478862626043,0.0022046960821289,0.0445909295052766,-0.1512886059319654,4.25595509268804,-0.6943417432171884,2.1105039428637378,1067.4895025069432,1043.5207547616208,1044.1305882593044,1074.185221797126,-657.6811623379923,-446.92450902748254,-8.290530698294145,-62.27879428030272,158.3297010034832
47.885,1.2389084774704815,-0.0807324792335061,0.3812881335839994,-0.0019035574466385,0.0075465293248775,0.0219433324562731,-0.0001633713890454,-0.0015397728081277,0.030916935201554,0.9995204832256364,0.0484073102191327,-0.036720096977697,8.403606509170034,0.0022947583974567,0.0448906278306726,-0.1548531033748669,4.255954604896889,-0.6942327385190223,2.110132808391182,1065.812892889885,1042.4888032436263,1044.0136849195387,1073.9537622400683,-703.5493501741752,-402.6477601076508,-106.77202263726934,-141.30676624692614,158.3303903737045
47.8875,1.3794771129269017,-0.0927280040763987,0.3989892136183995,0.0019499330363777,0.0101264152990726,0.0237595308911403,-0.0001291991583042,-0.0015307045470411,0.0309645845199564,0.999519009283616,0.0513513809608631,-0.0335621573841778,8.40267072024392,0.0024004189125057,0.0451994925531862,-0.1584346323563054,4.255953811063399,-0.6941226239117873,2.109747767805473,1063.9717557560707,1041.5075159610815,1043.5967281461178,1073.4786879658911,-612.4139922089448,-309.03755965098406,-204.39452898429863,-213.48729593149065,158.33118697689875
47.89,1.4224521551925324,-0.1620980060335992,0.3773687542674413,0.0058498184428125,0.0110980988812204,0.0254224932363534,-8.58713818450007e-05,-0.0015167671354062,0.0310133132653039,0.999517504597813,0.0544053788068881,-0.0305570665713985,8.401999821620189,0.0025223173272337,0.0455153531760396,-0.1620270267174317,4.2559524870522765,-0.6940111833779171,2.1093488042208928,1062.7508229288387,1040.9436154453708,1042.9917122746167,1072.8863257604103,-391.39741953035025,-164.67503622626708,-296.88142382760526,-283.88432227542023,158.33182622545038
47.8925,1.3695939381722506,-0.2462169995619734,0.3232557512178992,0.0100738992897444,0.0100211559272151,0.026703158565284,-4.0371728819891045e-05,-0.0015023681903823,0.0310597384205591,0.9995160703019476,0.0575886001940042,-0.0278508158293212,8.401603126145806,0.002659666778023,0.0458378188464108,-0.1656229044924142,4.255950993336301,-0.6938982016054499,2.108936688919061,1062.0147686584207,1040.684140779951,1042.1123210269811,1072.059266354515,-192.6294828122915,-37.044092965997294,-443.65736531040096,-416.8045017956188,158.33244178755135
47.895,1.1886794015755395,-0.3028516958150306,0.2391716616038312,0.0145938536582229,0.0069402475193858,0.0274778583153717,-1.006748663274553e-06,-0.0014866703670549,0.0311028282320466,0.999514741318901,0.0608292316913636,-0.0256003661123365,8.401480431453802,0.002813251655859,0.0461668433602183,-0.1692147788490708,4.255949479257141,-0.6937833843197929,2.108512561489929,1061.7876755147768,1040.7583949805407,1040.7734254480636,1070.802303251431,25.796980408481875,93.40700351340041,-527.3558532538149,-496.0304596857177,158.3331560896709
47.8975,0.946314911114408,-0.286016602947314,0.1695150662415557,0.0175459689821059,0.0042266689930686,0.0276060626442483,3.223341626672958e-05,-0.0014707672017979,0.0311424119152238,0.9995135222535158,0.0640907453557413,-0.0238150986022467,8.40161872680772,0.0029828448095107,0.0464996522778581,-0.1727965332385458,4.255948096298131,-0.6936666115951998,2.108076843632964,1062.1437535604632,1041.151175797518,1039.4755417607107,1069.5791140560855,239.11874582535268,222.80518689064849,-537.3454143425873,-506.81005344345687,158.33373373548525
47.9,0.6253724754524553,-0.2032673517131802,0.1164458438189569,0.0197784011735402,0.0029156543687854,0.0274559390823924,5.4937582633021215e-05,-0.0014572976966007,0.0311799197828715,0.9995123676409642,0.0673600997963312,-0.0225707733973815,8.401996095623687,0.0031674477088389,0.0468350819459318,-0.1763627063363669,4.255947328615664,-0.6935480231451123,2.1076301008346494,1062.9832692439024,1041.8724209149927,1038.086698376353,1068.268252984216,446.505563797017,381.26889992789586,-602.3160664182899,-569.2272794676953,158.3342965311917
47.9025,0.1766848694413422,-0.0570531456409627,0.0816751511910018,0.0215335299812253,0.0029454800434863,0.0269963683629824,6.0177437856828726e-05,-0.0014471965870565,0.0312170817609589,0.9995112244282678,0.0705949593342386,-0.0219760476785945,8.402583682954486,0.0033662771529078,0.0471731679830479,-0.1799090136942523,4.255947184606029,-0.6934282998552616,2.1071730440153607,1064.3762813794494,1043.0575202971584,1036.4639614286175,1066.7329776587455,543.8244303948014,473.4472103614132,-563.303314961816,-535.7032948807944,158.33495855248643
47.905,-0.2240450709513652,0.079894773502584,0.0761348297980336,0.0219410943750485,0.0033867295781239,0.0265287709838933,5.2537773945744815e-05,-0.0014447503490571,0.031255738313286,0.9995100276770552,0.0738169641912365,-0.0219400815620863,8.403343691494534,0.0035768289068045,0.0475102369444367,-0.1834339597870186,4.255947805003964,-0.6933073001199512,2.106706952237667,1065.7023913958778,1044.2396569668012,1035.2701818015423,1065.5897365098108,525.5729608638154,492.3061144981533,-416.8115316899882,-406.3703145306648,158.33550179333676
47.9075,-0.6139170750764484,0.2105824049748064,0.0835657155966551,0.020829055203257,0.0036531903199955,0.0264397830892526,3.898228416188698e-05,-0.0014494560754615,0.0312981974240548,0.9995087062277296,0.0769712383035117,-0.0223226017067093,8.404235866249657,0.0037979763738509,0.0478418769560197,-0.1869380892780663,4.255949398901137,-0.693184886269448,2.1062332970481927,1067.004146183766,1045.5190508696471,1034.3799037701697,1064.701126086094,488.9423045531885,512.5586271713124,-290.1459325050717,-299.94462481702726,158.33603929619224
47.91,-0.9633987098004309,0.3221352319250301,0.0871473987475054,0.0183350279350294,0.004144839775247,0.0268728490194242,2.223960739738888e-05,-0.0014590223389956,0.0313429821519394,0.9995073090989292,0.0799731130291443,-0.0230468312810232,8.405221476788723,0.004028725894702,0.048165506386334,-0.1904232822028952,4.255951808887016,-0.6930612576010396,2.105753291571885,1068.147102918645,1046.8024501026591,1033.8194521390164,1064.090013385725,390.3057162586542,500.0641294850254,-137.36209394216775,-168.278168576085,158.33657418196785
47.9125,-1.231850823301879,0.3924086775440441,0.0681036371081202,0.0143986401318151,0.0053540531819192,0.0277134221949775,7.593554869206827e-06,-0.0014776633624917,0.0313861525077159,0.9995059499166447,0.0828520415335827,-0.0239912099190966,8.406262608361331,0.0042651651099793,0.0484780503794343,-0.1938931644329644,4.255955284868,-0.692936735085752,2.105267967366117,1068.9556747650604,1048.0193715170735,1033.6930933004585,1063.8597352432132,250.78320922007225,509.5635147344725,35.753751995876655,-11.911036710727704,158.33710835616887
47.915,-1.4381850772728129,0.4082295873483813,0.0050655421326196,0.0089565102822421,0.0075422731915744,0.0287258915371784,-1.997705317300867e-06,-0.001504903987278,0.0314257790613572,0.9995046864933008,0.0855625094294642,-0.0250677602698295,8.407327954254528,0.0045052130506918,0.0487776438896002,-0.197352141237964,4.255960200219326,-0.6928114037611262,2.1047781485011847,1069.4010189647443,1049.3502676763292,1033.9982208989957,1064.0304582021713,63.95560593715711,463.82184073035125,169.28321406194735,130.23577221772643,158.33775151146835
47.9175,-1.51602700337773,0.3576912948844003,-0.0812762787754609,0.0047409863599028,0.009362370845142,0.0292706320069597,-8.885578785661861e-06,-0.0015365362633001,0.0314579548817411,0.9995036450640362,0.0879978956942705,-0.026273409081569,8.408395106556037,0.0047481592093016,0.0490649541748038,-0.2008045264596867,4.255966556252035,-0.6926855594680351,2.104282933587099,1069.2754527947463,1050.3384807207265,1034.5395093707687,1064.510914104302,-155.387213058441,369.880730488232,244.88336849132088,245.9559721409384,158.33829129091703
47.92,-1.5161190286177717,0.2478135983148355,-0.1915765412918793,0.001301029896284,0.0104583277351321,0.0292996802252622,-1.5719931353631393e-05,-0.0015678252284386,0.0314840569849764,0.9995027885722496,0.0900487821306836,-0.0276104516452534,8.409449682312475,0.0049942660672531,0.0493412509704866,-0.2042544853859706,4.255974617207647,-0.6925596917940942,2.103781060054088,1068.6240828994517,1051.1996713287713,1035.222637741453,1065.2602380628766,-394.0096958920494,347.72940281809286,295.96249120999886,366.2060316960525,158.338837285909
47.9225,-1.4548977708912103,0.0685955061868994,-0.3283134930315314,-0.0022079106479315,0.0109403818051463,0.0286440126443385,-2.419221495733307e-05,-0.0015928928903371,0.0315069724401997,0.9995020367806376,0.0915923850644359,-0.0290657224106687,8.41048547538139,0.0052448149041998,0.0496078270366827,-0.2077057445240965,4.255984526876361,-0.6924342879140424,2.1032717661100824,1067.305404315288,1052.0771277348151,1036.0193218268173,1066.3419442627808,-553.379874943347,290.6684948380066,266.9631460729759,408.16585236882054,158.3395020678536
47.925,-1.3678905868157147,-0.101930501559072,-0.4258179526500089,-0.0049513874470892,0.0104956739092491,0.0275381289377991,-3.836760060702981e-05,-0.0016057340297378,0.0315289892101765,0.9995013287433328,0.0925073048248794,-0.0306679074181236,8.411504615416042,0.005501706188472,0.0498672529251957,-0.211161012041841,4.255995044839604,-0.6923093731893549,2.102754292148803,1065.8571835247335,1052.653013802962,1036.5574534718185,1067.3010673247215,-622.5304557437083,185.8823346973126,176.91370427501215,378.58831276947694,158.3400656526492
47.9275,-1.2508752747246923,-0.2761055249706708,-0.4835956420783001,-0.0076469585064269,0.0091867758905606,0.0258964549403826,-5.9009546120715934e-05,-0.0016082452218985,0.0315546779088641,0.9995005182366812,0.092812070264018,-0.032398046603079,8.41251340488746,0.0057643080964711,0.0501209249971912,-0.2146224857324898,4.256005772882896,-0.69218431742031,2.102227442598702,1064.1927520365675,1053.0065394083024,1036.9038903481928,1068.2348858266291,-748.2352999913002,83.45667485549117,113.97768629455092,395.9090013466684,158.34064095095508
47.93,-1.0730760907515988,-0.4813667636714448,-0.488907910324363,-0.0105381258664157,0.007565979452637,0.0234646132397825,-8.16277602234406e-05,-0.0016035492147382,0.0315866411386127,0.999499519869158,0.0925529788327714,-0.0341530613471946,8.413522211629092,0.0060316101200258,0.0503679436414023,-0.2180920214465769,4.256016474335953,-0.692058446208879,2.101691920438898,1062.1160070247804,1053.0702971772391,1037.1273419032907,1069.2806123314533,-753.0480541743385,-52.47731266151321,66.55798964999353,370.33606873045915,158.34134666005713
47.9325,-0.886234641288199,-0.6526096451406193,-0.4367395229227164,-0.012553147017993,0.0066106558129562,0.0215468442285072,-9.995847826161704e-05,-0.0015914195929561,0.0316225468316714,0.9994984085287032,0.0917247749563043,-0.0358018614121974,8.41454586629663,0.0063038469974954,0.050606428324548,-0.2215707860001031,4.25602597117634,-0.6919314760043997,2.1011483462097305,1060.427511765694,1052.7441528449947,1037.2366802964427,1070.0865661702824,-645.9529654043641,-222.2143006921442,56.993987513049376,311.35026798795013,158.3419487157983
47.935,-0.644359793495816,-0.8286600345543408,-0.3358896349229479,-0.0143725085946473,0.0057735895858552,0.0203515688292267,-0.0001122061750514,-0.0015777814324814,0.0316573195413893,0.9994973350838732,0.0904278927818471,-0.0372964821471717,8.41560103701413,0.0065784413804851,0.0508364320565522,-0.2250586795219664,4.256033668753233,-0.6918033740709134,2.1005959219923995,1058.8862421977567,1051.9592256737778,1037.412311840856,1070.8373636713939,-625.2814140801322,-451.5397984108873,127.26718882852516,319.8665212000104,158.34256648733987
47.9375,-0.2699758627752294,-1.0370734376541149,-0.1816063139111627,-0.0166039653456166,0.0041810633518092,0.0197333067774219,-0.0001216655181159,-0.0015698466458486,0.0316883996410563,0.9994963682069486,0.08878789766271,-0.0386816773563219,8.416705776490153,0.0068522409372155,0.0510603427336347,-0.2285542061085337,4.256039504417223,-0.6916741878593288,2.1000337989464795,1057.3011046952963,1050.4864538529423,1037.873016240585,1071.6858987762807,-525.0441070128772,-615.5865220765152,228.57877978897577,301.16593953739647,158.34332710332183
47.94,0.1216397347695827,-1.189229500635072,-0.0433229583863119,-0.0182880307387277,0.0019357031405799,0.0197349924436049,-0.0001322946149105,-0.001570914750388,0.0317155046778243,0.9994955095117748,0.0868709698455375,-0.0400180095801524,8.41787817546044,0.0071234343384908,0.0512810316099201,-0.2320549468543779,4.256043730234679,-0.6915439167373731,2.099461390582181,1056.2610216626947,1048.881293063398,1038.5552057398,1072.3431933690795,-343.7873724423358,-689.9854808443814,340.97806891137054,246.42521639099084,158.3439773719277
47.9425,0.588721016019832,-1.2853669586377063,0.0869392643631577,-0.0190401862135364,-0.0012509055973026,0.0201022655474934,-0.0001431207536042,-0.0015860281703411,0.0317394775175008,0.9994947223524456,0.0847826399575439,-0.0412906814495305,8.419132517956555,0.0073884775046614,0.0514994359689156,-0.2355583809813809,4.256047750258564,-0.6914124608943522,2.0988782622399014,1055.5821678330835,1047.0365264487186,1039.5779065851427,1072.9180248582363,-201.78917801316535,-746.7570619857088,457.2825187928563,208.5690001953323,158.34464415413595
47.945,1.0937778769428628,-1.308319598383438,0.200713556380879,-0.0184497805019386,-0.0051388012609554,0.0206664491992051,-0.0001532350912648,-0.0016137088997023,0.0317610875914485,0.9994939831166588,0.0825267517714669,-0.0424889418622996,8.420481164025729,0.0076457122377417,0.0517167526454002,-0.2390615470501122,4.25605352995801,-0.6912809070122262,2.098284488122831,1055.2520757726284,1045.1475077534676,1040.8416183337652,1073.3860383700567,-38.36133782418833,-725.9570798561762,540.1426807665213,150.4339789044938,158.3453234682767
47.9475,1.592336423352464,-1.2185046546989986,0.2867418508837728,-0.0156919287549044,-0.0096032741346104,0.0213487159218351,-0.0001608664833874,-0.0016470185145556,0.0317796276475528,0.9994933233193348,0.0800242871309994,-0.0435906408778915,8.421933342254505,0.0078949355313194,0.0519340195807955,-0.2425614223383701,4.256062335971822,-0.6911501972020702,2.0976806842674596,1055.3903611439628,1043.406741049441,1042.2786199889729,1073.6701947527583,175.4184035898118,-684.448441953341,631.5931705968476,70.10228037780558,158.3460155565634
47.95,2.098816115058446,-0.9713572859419372,0.3507197841571416,-0.0094985913904617,-0.0146259441641293,0.0223045447064587,-0.0001619071870985,-0.0016816403632424,0.0317974005941564,0.9994926759273172,0.0772516131515288,-0.0445422083045381,8.423492800696913,0.0081343019716273,0.0521512552154158,-0.2460554189272664,4.2560750414937,-0.6910206020069717,2.097066951742872,1056.129167790578,1041.7252655436992,1043.9995841867512,1073.7365497719459,364.5878342352671,-522.1286943865891,599.0877427236345,-26.3384448670742,158.34685662077777
47.9525,2.3847021753086746,-0.6639320110413701,0.3668941879512707,-0.0022029287761254,-0.0177131258254148,0.0232819005904706,-0.000153929517506,-0.0017135640369397,0.0318189493508422,0.9994919041550065,0.0741993406446254,-0.0453241048166776,8.425159337840782,0.0083617813570887,0.0523690983535479,-0.2495411491480571,4.256091634655736,-0.6908919973616473,2.096442888792439,1057.2133003151403,1040.7960975775068,1045.2740587025924,1073.538502528423,519.3355450242228,-255.0782724047668,445.35937695340664,-129.8338794219306,158.34756237633016
47.955,2.4809560942071727,-0.2908771553671268,0.3405107282360777,0.0061312987912761,-0.0192215877372907,0.0244953036785394,-0.0001346667332907,-0.0017372521328039,0.0318481628970658,0.9994908979384208,0.0708413031243806,-0.0459226752487279,8.426929447289046,0.0085762251984094,0.0525878407436107,-0.2530167747130678,4.2561114344487665,-0.6907639984480992,2.095808893359649,1058.7258455156968,1040.4498741816765,1046.2263810715162,1073.0873803748368,738.072953177957,-13.439107121932867,324.0414202932859,-243.9174471212598,158.34826747615836
47.9575,2.3683169484968944,0.17084285403194,0.2601879685526847,0.0155697833324833,-0.0191405329673298,0.0259935705482139,-0.0001026672250022,-0.001747856743596,0.0318877314700118,0.9994895874301256,0.0671704543727466,-0.0463409805489557,8.42879686782397,0.0087766657982706,0.0528075796591842,-0.2564811822744977,4.256133276166421,-0.6906358503344439,2.095165233951708,1060.903665081032,1040.728902041897,1046.8942658040598,1072.318915292816,831.5399769182769,211.1662264233757,163.4515648468169,-304.8650083185553,158.34910498939655
47.96,2.109970830563554,0.5208748636685108,0.1594264193750933,0.0219344002350109,-0.0175591042927851,0.0268976504619656,-6.406565852070998e-05,-0.0017414366579797,0.0319366550578095,0.9994880192439488,0.0631968940238391,-0.04671116182207,8.430754968232291,0.0089623328580362,0.0530316726135698,-0.2599334386947108,4.256155882026655,-0.6905069617610107,2.094512566495493,1062.8835454002904,1041.505705313794,1047.0436388957507,1071.5630553332433,787.047401836241,407.37426221085786,-14.823179901409114,-307.70211051881927,158.34978948079888
47.9625,1.7368095058542137,0.7880500050231108,0.0392665010587103,0.026235634767602,-0.0146194637293901,0.0272507049635071,-2.8866130501553897e-05,-0.0017164351791495,0.0319943350561598,0.9994862188109744,0.0589734978662306,-0.0472318333962451,8.432796986419664,0.0091323672036494,0.0532649531282497,-0.2633732833899187,4.256179008737636,-0.69037703904753,2.093852844266452,1064.8389020902096,1042.7657733529495,1046.8201499045529,1070.7804047402233,808.7670318393475,641.4282226615699,-164.49011092636962,-334.49230131151296,158.3504522942766
47.965,1.2288206510323172,0.9812442929964262,-0.1036921722154394,0.0293139986831973,-0.0102228069983148,0.0270932020310949,3.828461619397313e-06,-0.0016808531974488,0.032059748065785,0.9994841969944313,0.0547222672083142,-0.0479211739703044,8.43491327281599,0.0092816256287431,0.0535061599575268,-0.2668027189562359,4.256202581931232,-0.6902455273026699,2.09318744763641,1066.9273805594892,1044.7128464271032,1046.2211883411185,1069.8905938266848,695.6157975769736,766.7518854193246,-260.41722408990927,-312.53740483964447,158.3512134039429
47.9675,0.7995117903645022,1.0333505587157459,-0.2039837605891961,0.0305538347791655,-0.0067330152314803,0.0263787216287468,3.310465045583648e-05,-0.0016401954063124,0.0321289911660999,0.9994820607853389,0.0506212572950989,-0.048822663003439,8.437096933128903,0.0094068358583961,0.0537543752143302,-0.2702241749314285,4.256226427259004,-0.6901125360208925,2.0925158189476374,1068.3169810780962,1046.599532780048,1045.5180637841027,1069.2177177160243,465.9896492855896,785.6361454887389,-312.09625419838824,-255.39525029176312,158.35181223410947
47.97,0.3980484593978461,0.9911623770771117,-0.2669533403397328,0.0308701461405254,-0.0041653414680252,0.0250828199164024,5.789281721585192e-05,-0.0015995384508541,0.032195987700214,0.9994799917519596,0.0468376022550906,-0.0499770108487409,8.439343631916387,0.0095056159369523,0.0540083276405839,-0.2736403191285822,4.256250741037845,-0.689978177897486,2.091837920707497,1069.2573288059148,1048.6410271545435,1044.660707070128,1068.6136175752272,303.5584752898369,824.6001375929029,-364.8695139851905,-233.8247144908732,158.35236590257875
47.9725,0.0305614835960473,0.89315311584472,-0.2922433649345656,0.0307136423047704,-0.0023022652373984,0.0236370053042947,7.998064316697847e-05,-0.0015627449774828,0.0322552470168161,0.9994781574579404,0.0435135199135805,-0.0513699836081971,8.441651227290066,0.00957719592405,0.0542647742504875,-0.2770540016472187,4.256275409485112,-0.6898424295749717,2.0911539803679435,1069.834773454546,1050.7225334680147,1043.6937162141755,1068.0485941435693,161.9515169380601,821.0270518005364,-411.603925949174,-221.34884128206568,158.35287571216972
47.975,-0.2961857749224512,0.7531716373851118,-0.275221347912321,0.0302381745822674,-0.000846803619283,0.0225045651728144,9.686012419265389e-05,-0.0015280078385611,0.0323049913533655,0.9994766170793976,0.0406849498617218,-0.0530499384407894,8.444021291239418,0.0096254637014257,0.0545223705197113,-0.2804670453737615,4.256299790190902,-0.6897053937232936,2.0904630595867646,1070.0670863906057,1052.7461624135483,1042.602687440381,1067.5068733688163,57.415308851757274,849.7313243697133,-502.3025732583413,-236.32115975132027,158.35332470613236
47.9775,-0.6487118898426298,0.5604178706970625,-0.2214996560825294,0.0293549807936257,0.0006866937748437,0.0217362326230002,0.0001049067446747,-0.001491454920886,0.0323464499017572,0.9994753374220452,0.0383412808312843,-0.0550753147985565,8.446457128376467,0.0096569781967785,0.0547801865151165,-0.283880339184221,4.256322943809229,-0.6895670586186387,2.089764168515829,1070.1218499988047,1054.9711900898594,1041.1822033478863,1066.8669883448135,8.035875015043969,762.8101027802775,-526.2755860980214,-231.95294686772243,158.35378279228314
47.98,-0.9129844333256814,0.3908992294799519,-0.1638515689219895,0.0281458551204261,0.0018259820365439,0.0215050028841222,0.0001046923486925,-0.0014550701766931,0.0323820168016582,0.9994742382281996,0.0365594579240825,-0.0574287084259516,8.448960805919464,0.0096760734152447,0.0550349857850103,-0.2872943796018533,4.256343747125221,-0.6894271283559814,2.089056633482093,1070.1072657656807,1056.5602129274516,1039.9713095098896,1066.347108634477,2.7346766494233288,560.6601047723731,-461.34682206105987,-198.76253532901336,158.35408984697995
47.9825,-1.1421083729731212,0.2235944994020622,-0.1088424676074236,0.0261954835088387,0.0027789583371863,0.0216011500952275,9.59954688719649e-05,-0.0014206647482146,0.0324163661998762,0.999473168301084,0.0353980604111437,-0.060098019758266,8.451533775015745,0.0096881072303354,0.0552839939595714,-0.290708591804478,4.2563612799873285,-0.6892856044390905,2.0883398651718283,1070.1355233820518,1057.7744906137227,1038.8754692375799,1065.873175668168,30.214750189343444,431.6273542711602,-410.803537554112,-183.32791586161264,158.3543110864206
47.985,-1.3589862010470408,0.0409404835682548,-0.0575422157583286,0.022963888897914,0.0033650528161393,0.0219624517579171,7.846934531690141e-05,-0.0013915844149308,0.0324517403524321,0.9994720556549018,0.0349247279271847,-0.063066144950532,8.454175338418787,0.0096975206605842,0.0555248323746998,-0.2941214953828504,4.256375377939958,-0.6891425888219643,2.0876127846273005,1070.2583395166275,1058.7183496988055,1037.917291822121,1065.4304690551699,55.17462923205036,255.25114763123057,-259.47047954069063,-126.83135853260742,158.3544685464505
47.9875,-1.4727527868727155,-0.0818391972107841,-0.0290801161513451,0.0196097280407149,0.0030748075324382,0.0222347533430285,5.79170645589553e-05,-0.0013721735365627,0.0324894038901592,0.9994708583791851,0.0352105564246202,-0.0662057114307163,8.456880708653319,0.0097076562930095,0.055751930700683,-0.2975315843164068,4.256387079765231,-0.6889979990235953,2.086875336221151,1070.4113965282122,1059.0507463518795,1037.5781168398755,1065.2390188755048,57.42863274819474,40.29226828363547,-12.999049565307985,-21.700501858902314,158.35450384242176
47.99,-1.4922903288252884,-0.15746198262102,-0.0105386917518971,0.0156231202333455,0.0022277979972223,0.0222181868608355,4.232604830361008e-05,-0.001357449970153,0.0325295997065722,0.999469578096348,0.0361538001136228,-0.0693415380711818,8.459642278030978,0.0097265732461106,0.0559586718374351,-0.3009369897392395,4.2563973126353725,-0.6888525414896016,2.086128201498724,1070.5454826803687,1058.9198110402235,1037.8522965742943,1065.3219665458753,32.77813013572339,-154.90029989137375,269.74247531758897,114.29998608351916,158.35443317118748
47.9925,-1.3827375044222436,-0.1827384225392519,0.0101587575806015,0.0103231970844549,0.0011348470568257,0.0218882461858019,3.275099731118954e-05,-0.0013416967998678,0.0325685694005704,0.9994683450884376,0.0376206298128039,-0.0724106557992863,8.46244948149198,0.0097616843942586,0.0561432012178829,-0.3043348213185351,4.256406784172728,-0.6887067911490664,2.0853713383981125,1070.5752871788907,1058.2762448524231,1038.9268292164625,1065.810518805922,-26.302701945847005,-307.0606431444296,504.845784762816,245.87466333974743,158.3542192272112
47.995,-1.17300619582911,-0.1485164481534787,0.0315584733820818,0.0060838132680851,0.0003643588729918,0.0215688549104607,2.787502256250539e-05,-0.0013257860869675,0.0326061297323686,0.9994671619860968,0.0395742086632354,-0.0753918696119547,8.465287035014208,0.0098158677397041,0.0563058787557893,-0.3077219809405064,4.256416633415006,-0.6885611562676603,2.0846046539667102,1070.4139691706391,1057.3845078245008,1040.3765254981097,1066.5513398625747,-116.34956283399745,-418.2252995030146,659.2199662213982,356.32328043329795,158.35392901679356
47.9975,-0.8490597733783742,-0.0632221026564032,0.0583073004606186,0.0029588291834624,-0.0001809419974553,0.0213411728385835,2.766722096622814e-05,-0.0013071118711681,0.032642872301493,0.9994660104757928,0.0419080321215014,-0.0782398843569362,8.468136136608214,0.0098930801309414,0.0564469018159381,-0.3110956098960265,4.25642750647393,-0.6884153896175412,2.083828382815271,1069.9935393647204,1056.1851183549072,1042.2229290475711,1067.5921352080893,-214.78612599504663,-522.3728393281111,767.3749822520833,452.0939605656641,158.3535181199668
48.0,-0.4490282148792051,0.0555167139135161,0.0858213110178627,0.0010750403047384,-0.0005264248861721,0.0212912597896265,2.921768435503707e-05,-0.0012837247093337,0.0326742996098539,0.9994650373409524,0.0445150871437407,-0.0809591431582754,8.470975340155025,0.0099953757355184,0.0565690243827643,-0.3144528759990972,4.256439622132991,-0.6882691436635415,2.083042303061092,1069.340038540665,1054.7726436278626,1044.2134004093666,1068.8118096654007,-313.23544434604923,-606.2211121445273,781.3511029395897,509.6818554177932,158.35300424219403
48.0025,0.0124841580626587,0.1991001824275687,0.105654606194338,0.0006883871630301,-0.0005970709866787,0.021632926644913,3.1254902809657805e-05,-0.001256980334632,0.0326981184811716,0.9994643142701534,0.0473385363853892,-0.0835314237373306,8.473780801704937,0.0101220766518666,0.0566746678016089,-0.3177917392648493,4.256453172882008,-0.6881226092497179,2.0822457644418817,1068.4273621429916,1053.154012794187,1046.1296845622655,1070.140544485176,-445.3442800095213,-743.2442018988529,765.3604843308761,582.9526128128438,158.3523632457045
48.005,0.5969810098809479,0.3731985066041156,0.1088786921973972,0.0017558776096666,-0.0002438633496579,0.0225445027018474,3.3674431551635786e-05,-0.0012343158932596,0.032714326123519,0.9994638304277584,0.0504208882849088,-0.0859269642128312,8.47652743565425,0.0102680741510839,0.0567662115361354,-0.3211112062336569,4.256468185070188,-0.6879764950861197,2.0814399023239334,1067.1133171406163,1051.0564226183665,1048.0402028310227,1071.7265727294666,-500.1911857539368,-777.5907463154114,598.9514698527393,564.694795257294,158.3514440261233
48.0075,1.0820475882102123,0.4946718788757415,0.0902133670407056,0.0036888864947771,0.0005635158790751,0.0235616442982403,3.634412092800413e-05,-0.0012225488922353,0.0327248638288228,0.9994635135989078,0.0537920653301234,-0.0881223298746723,8.479191813046278,0.0104281333454189,0.0568465268630089,-0.3244113075245749,4.256484305022162,-0.6878313331878408,2.0806259732227055,1065.9264062142206,1049.2660590626083,1049.1244419115308,1072.9640184614639,-466.89372362936126,-695.7020762035388,298.3104565805191,466.2703957991801,158.35055128412475
48.01,1.5335282111989734,0.5566968291030227,0.0550534112233789,0.0065682735985057,0.0021060552880934,0.0243489107219133,4.273436401014717e-05,-0.0012250933093867,0.0327327043922613,0.9994632621719985,0.0574261261356838,-0.0900382694763599,8.481754217342251,0.0105986984249012,0.0569164085887482,-0.3276935452796745,4.2565015343075885,-0.6876870740461558,2.07980382690894,1064.7788485224717,1047.577912237352,1049.531755113924,1074.0579247084604,-461.2675136790045,-676.1845687938782,10.825118088036024,443.0607011495346,158.34952559837413
48.0125,1.9969304715719665,0.5227477146531982,0.0148486179908412,0.0115109605670985,0.0049182978688213,0.0244169829489589,5.594946659567653e-05,-0.0012367906173999,0.0327398180574478,0.999463016396092,0.0611529492284661,-0.091604426933083,8.484202062816593,0.0107813822408523,0.0569768252587218,-0.3309603451769749,4.256519862557193,-0.6875439256511476,2.078973349721484,1063.6200686458244,1045.8851362186372,1049.1785675019707,1075.1793219672127,-363.93369542347074,-532.9941728712586,-260.9007335834151,379.0064524169218,158.3481402490618
48.015,2.2861974246806054,0.3844778506756619,0.0024944221318589,0.0169324338245182,0.0078773360511523,0.0237553404535772,7.473809116126003e-05,-0.0012499853461579,0.032747280869049,0.9994627493984146,0.0647605176529853,-0.0928306468485871,8.48653115721603,0.0109793726950178,0.0570315205142867,-0.334214688680873,4.256538892685096,-0.6874019740694174,2.0781355686672636,1062.9591800453532,1044.9129413729943,1048.2272514460064,1075.952956970546,-176.32425980502947,-268.6299443012273,-486.0555515163797,277.45294089111434,158.34685694659015
48.0175,2.4392669701507694,0.13282601380076,0.029383257241911,0.0233608067596352,0.0106595457874534,0.0228458320262947,9.853419810175726e-05,-0.00125954458695,0.0327574697873113,0.999462389319348,0.0680844206165213,-0.0937245325089297,8.488745596221294,0.0111943215872532,0.0570835989951073,-0.3374607017152196,4.256558712930495,-0.6872612400271642,2.077291968144348,1062.7384473468,1044.5419864971323,1046.7482897443913,1076.5665866716668,23.118978551735378,-13.685729547016583,-717.6935466276029,234.09982370100647,158.34544045708083
48.02,2.435986308672016,-0.2570189911367647,0.1100209482172932,0.0319168183849516,0.012298002498649,0.022051597284969,0.0001317397433961,-0.0012632019363829,0.0327742442120157,0.9994618119547968,0.0710172655744078,-0.0942184606231014,8.490857966618936,0.0114259864574123,0.0571323794132919,-0.3407039077481706,4.256579923009924,-0.6871208043668289,2.0764439489938344,1063.074774938112,1044.8445127252592,1044.6387837128664,1077.1234560890516,227.94610357684337,224.5727456325073,-782.7142225928216,173.42795899089873,158.34358814314783
48.0225,2.2704311938428385,-0.5976307188539239,0.207262829126056,0.0393656004771059,0.0113865943628785,0.0219944105095439,0.0001780852356221,-0.0012597765881337,0.0328007946319897,0.9994609146580116,0.0734760661118032,-0.0942629715172237,8.492890254278633,0.011673314385732,0.0571769785798386,-0.3439500966448994,4.25660263465101,-0.6869796040798727,2.0755921221677185,1063.8781778646849,1045.6648502252951,1042.8347186314252,1077.433726466622,423.3897714846747,414.5776148594128,-676.6071101830918,89.39788960809837,158.34191904353543
48.025,1.95343876991368,-0.8730424030067984,0.3130834131403939,0.0462202602002663,0.0079983937129327,0.0227807790614781,0.0002363975731715,-0.0012538345727461,0.0328389577107919,0.9994596322714928,0.0754796554423371,-0.0938999347886017,8.494872544645458,0.01193132112099,0.0572193784747383,-0.3472043398223423,4.256627068723638,-0.6868374696032851,2.07473562616982,1065.1917237955336,1046.9174007995543,1041.2557481619542,1077.5704455370917,596.6866521227206,541.2746332013244,-560.1124613153705,24.061684198783464,158.34012223311953
48.0275,1.5468424747959375,-1.0418629269542403,0.4070448797386937,0.0513541979027001,0.0032827963245213,0.0242145361975136,0.0003058154669608,-0.0012508526940611,0.0328869829094504,0.9994580165446492,0.0770698045190628,-0.0931695756674249,8.496842017623282,0.0121940750164894,0.0572609558097999,-0.3504709215826717,4.256652757652922,-0.686694626748617,2.0738734588512697,1066.8616111253,1048.3712233913031,1040.034156324847,1077.554034887616,729.5395372040635,591.659148657179,-376.0003484395279,-43.149970267609866,158.33822191898247
48.03,1.0960265895120243,-1.0490973307505285,0.4693596621083339,0.053590057419864,-0.0017046124065394,0.0260452810972889,0.0003847988078929,-0.0012521112388497,0.0329406053460423,0.9994562066120144,0.0782242764080371,-0.0921231787794151,8.498842055493798,0.0124585431112096,0.0573031128930552,-0.3537526531132166,4.256678494484129,-0.6865512845308142,2.0730052712328075,1068.8394214815555,1049.8756965428415,1039.3757464197556,1077.3546956857535,903.061813995012,633.1534216980191,-149.73612616977312,-126.59728694018357,158.336200300953
48.0325,0.5845043183403542,-0.8762753695840261,0.498682365986063,0.0538696420781228,-0.0065095199915874,0.0280780066802378,0.0004687195230154,-0.0012603884629851,0.0329940389344236,0.9994543890566484,0.0789523947965467,-0.0908659645507619,8.50091867906685,0.0127208384910967,0.0573491791103262,-0.3570503595205191,4.2567037832425525,-0.6864078459013347,2.0721290979571685,1071.3769201952707,1051.5369904997904,1039.2854756939987,1076.9210484529156,926.8393675611864,565.2351013699736,72.39651761265966,-188.7225134430026,158.33363943100954
48.035,0.2229595089009493,-0.6142216354511639,0.4879896613702663,0.0531477984683677,-0.0088143471738993,0.0294361675583438,0.0005556995314966,-0.0012712778874241,0.0330422315629625,0.9994527323073932,0.0791510947833769,-0.0894521297202465,8.50311885715634,0.0129824277069938,0.0574000572614085,-0.360363197710447,4.256728505447374,-0.6862644784840901,2.0712432218279058,1073.473618319364,1052.701872049693,1039.737729007819,1076.411083118538,796.7160112965774,407.7829613885757,259.08705988586394,-232.8462860327536,158.3313973733912
48.0375,-0.0527996865038538,-0.2873690622123514,0.4500748205671146,0.0522394303016309,-0.0094280661325928,0.0304836793277055,0.000644647072534,-0.0012829046756049,0.0330834646750019,0.999451292868306,0.0787692867511141,-0.0879228608627709,8.50548549419753,0.013243480695702,0.057455688483484,-0.3636887156621724,4.25675337988938,-0.6861207133752529,2.0703467564935285,1075.3605002517559,1053.5759053067345,1040.5809109934287,1075.7568170227512,738.9614707668343,313.4580980771838,412.12692282216466,-319.06297637748963,158.32904917366807
48.04,-0.2923536779703693,0.1121196420031121,0.3850640497039677,0.0513346885841143,-0.0087859681196045,0.0315327933571981,0.0007320763457803,-0.0012947308296707,0.0331172229667832,0.9994500891188116,0.0777858738183704,-0.0863581702379483,8.508055070653485,0.0135033617243915,0.0575173710426033,-0.3670227478688268,4.256778486813987,-0.6859764227169113,2.0694387436250286,1077.1684256731949,1054.2691625400776,1041.798363621928,1074.815768236652,559.5548651187394,197.32146922136872,444.3174368671408,-367.37061728785494,158.32611605367117
48.0425,-0.4313973006554307,0.410059987916814,0.3219943410876264,0.0507774970112353,-0.0073929309060877,0.032285276242306,0.0008168171913406,-0.0013035513557712,0.0331458265838752,0.999449048306589,0.0761448070983314,-0.0847939097180729,8.510855433663506,0.0137635437063581,0.057584226040191,-0.3703602960653789,4.25680394245756,-0.6858314528558968,2.0685188364821983,1078.1582745773508,1054.5625126528419,1042.8024981777655,1073.9199639363108,264.4168085844751,65.89832722880868,364.0874435773596,-372.1806112738619,158.32358113487155
48.045,-0.5261941042193847,0.6359171943781377,0.2565552283630184,0.0502857289369375,-0.0052407628624094,0.0328312025564213,0.0009019613898868,-0.0013105811790666,0.0331742247202644,0.9994480025853218,0.0738771092112961,-0.0831917469840199,8.513902034935015,0.0140222773092006,0.0576518861450767,-0.3736964287278289,4.256830005805128,-0.6856849842398522,2.067588086998178,1078.490509716118,1054.5986541762215,1043.6188008398155,1072.9548651802816,-18.875688874976618,-31.73240958524887,290.00195966463247,-422.86913310438,158.3209584540105
48.0475,-0.6002334101997959,0.7999087357034232,0.1807518553570395,0.0494758722131307,-0.0022293369716048,0.0333308519569635,0.0009916905480506,-0.0013164737684947,0.0332071655942755,0.9994467921470656,0.0710145765939934,-0.0814891729697329,8.517198052434257,0.0142779193124725,0.0577148222862212,-0.3770262583008642,4.25685642164478,-0.685536211611733,2.0666478310219767,1078.063896132976,1054.4038506049155,1044.2525079760871,1071.805618270791,-290.8677883985423,-103.0451851168364,165.90503264552052,-403.98796726692376,158.3177169712428
48.05,-0.627650096198421,0.8417928822672431,0.1220951892848476,0.0483777180407174,0.000269138586899,0.0337356872985774,0.0010829859015207,-0.0013240122246949,0.0332485606486321,0.9994452888792292,0.067631259089874,-0.0797419076257253,8.520734331177437,0.0145270245903463,0.057772925356153,-0.3803443355067809,4.25688320399915,-0.6853851008010611,2.065699010561042,1077.0361707741245,1054.083428250637,1044.4483260030438,1070.934925343946,-530.5929429275707,-153.34697663466955,7.463865297537087,-312.0176473688612,158.31494234082103
48.0525,-0.6093196928795896,0.7896626128784511,0.0702266837705839,0.0466266118951901,0.0025786848908923,0.034043335813499,0.0011737356071002,-0.0013337548274095,0.0332986914509057,0.999443490262126,0.0637739810550554,-0.077983315977497,8.524489526687042,0.0147670657515865,0.0578257996219322,-0.38364561945245,4.2569103068794565,-0.6852318254220944,2.064741375893539,1075.4109314183368,1053.637115721742,1044.289827302575,1070.245530033946,-722.8377465129805,-194.1000793314234,-119.55923272827891,-236.09978268112727,158.3120975904525
48.055,-0.5443647611289977,0.6685697952323316,0.0262842334771327,0.0443403128217132,0.0045952399657532,0.0342564286922168,0.0012593400428086,-0.0013390449828829,0.0333550378261915,0.9994415016681688,0.0593755782850954,-0.0762802507797137,8.528432198401859,0.0150005193657603,0.057875495900592,-0.3869250271840647,4.256937692389776,-0.685077027815084,2.063774847887664,1073.4219820415628,1053.112927853981,1043.8505298394027,1069.7544264305416,-841.3537126527686,-219.68192495162515,-236.90468741375912,-145.0175471503084,158.30919915707668
48.0575,-0.4216198584394142,0.4798089686215638,-0.0039814834437641,0.0418281409434326,0.0060048052915762,0.0342790887721075,0.0013326899086949,-0.0013338599563196,0.0334134343031862,0.9994394803294384,0.0543886327020806,-0.074739130094118,8.532520677138553,0.0152290866036509,0.0579269836401475,-0.3901777298975666,4.256965580733823,-0.6849226364326705,2.0627986019386686,1071.2041628550708,1052.538706096983,1043.1053038655057,1069.520442298194,-969.2047862267872,-247.7778221497016,-385.09234245087407,-49.53350792636424,158.30624132853566
48.06,-0.2281616877889625,0.1978662437351079,-0.0183526221499132,0.039497746742008,0.0071655149479905,0.0340146492435351,0.0013987465537911,-0.0013232926463674,0.0334700363201388,0.9994375319332846,0.0489727238498995,-0.0732646506162663,8.53670149133197,0.0154452570051669,0.0579770066735935,-0.3934013286549576,4.256994731371279,-0.6847698266265271,2.061811937680907,1068.5759581104264,1051.874038743232,1041.9250681271476,1069.5067588909096,-916.4338855806968,-224.8182596947343,-466.1584316036317,29.273132666348168,158.3026301921904
48.0625,-0.0613611269560405,-0.0652822661442674,-0.0088592823399096,0.0387382906461449,0.0078105325963979,0.033449005544075,0.0014641427365367,-0.001311750862064,0.0335224040732919,0.9994357167685328,0.0432872354784397,-0.0717313602112355,8.540915490848027,0.0156417438393099,0.0580214134505882,-0.39659462859904,4.257026233583167,-0.6846186310007862,2.060815802591195,1066.6219934271717,1051.4146147985107,1040.7745117074896,1069.6668079615256,-691.3079548084089,-146.77975240838057,-473.17482497889904,84.8971963543453,158.2995747132058
48.065,0.0591056750923456,-0.3312067997029928,0.0207469692195,0.0397403308993897,0.0078886275765065,0.0327791678861062,0.001532058125303,-0.0013007554296721,0.0335722022603693,0.9994339703527612,0.0374502893727721,-0.0700711106310918,8.545101741571061,0.0158138990332114,0.0580587560855046,-0.3997572452918221,4.257060343420304,-0.6844687027919709,2.059811690708184,1065.1194183363875,1051.1401399811907,1039.5591940022553,1069.9312448726807,-525.2191075657307,-64.59490690946375,-520.4928306160648,126.20632875994399,158.29647792700675
48.0675,0.0961047312521974,-0.6121414955956485,0.0643227812932259,0.0424467885964083,0.0066417255243761,0.0324961740090323,0.0016019133720247,-0.0012904075889246,0.0336223823636013,0.999432196191974,0.0315619601441384,-0.0682796457321058,8.549200384289705,0.0159585939875665,0.0580904930206486,-0.4028897204995439,4.257097149806743,-0.6843188900137769,2.0588005442620414,1063.9958978893417,1051.0916402639632,1038.172047554408,1070.2978396053256,-288.5432602108155,31.028009591393623,-474.53864858560615,136.49164030473295,158.29272224557468
48.07,0.0194278260797669,-0.7795084882778937,0.0890816831860308,0.0447128509773983,0.0040374252358958,0.0329447777710688,0.00167086024405,-0.0012787707175406,0.0336750556517294,0.9994303355310457,0.0256925155305927,-0.0663914240742967,8.553155580270541,0.0160748173294987,0.058119779261748,-0.4059936217535065,4.257136572323329,-0.6841683814259365,2.0577834307049234,1063.6767020353327,1051.2952800291475,1037.186500759326,1070.6137030742048,-3.3033669305980795,125.1883250725088,-334.2678934097278,126.20574352847709,158.28956590485896
48.0725,-0.1552034070493759,-0.8432333544839643,0.0795513084658992,0.0456596746026644,6.362296168693651e-05,0.0340526195919847,0.0017347435632597,-0.0012648777580359,0.033733193504752,0.9994282999617748,0.0199323254357516,-0.0644658139672057,8.55691796186599,0.0161618003651888,0.0581507370530198,-0.4090715350459235,4.257177456160929,-0.6840173444870851,2.0567612422580295,1063.9793810546887,1051.7175818893252,1036.5007080873609,1070.9288683229674,255.1289053464702,221.47895170685425,-210.71166202130505,139.4319787297459,158.2863899399046
48.075,-0.428418774044825,-0.7913989033730295,0.0149898845886416,0.0448646007930329,-0.0046953962345422,0.035559589900759,0.0017920816107744,-0.0012562385397549,0.0337971949129923,0.9994260675576292,0.0145196627409257,-0.062523651173248,8.560446093726114,0.0162125616680714,0.0581855639623791,-0.4121274245551077,4.257218997553288,-0.6838660455326941,2.055733217284891,1064.9523465620657,1052.4026747876824,1036.1329424492187,1071.310862967854,434.35162293395086,270.0855544923325,-49.993206358587365,141.5288770310511,158.28256592172718
48.0775,-0.6649513642527185,-0.6634634908264304,-0.0784993942606996,0.0425720632465122,-0.0073980400512356,0.0361571267019516,0.0018390621796068,-0.0012546142674734,0.0338646377623751,0.9994237224778812,0.0095916465900071,-0.06062521177715,8.563710908821822,0.0162256978661457,0.0582282462559256,-0.415165317730227,4.257259960021261,-0.6837140592437045,2.054698507484044,1066.1511391693596,1053.0680096617875,1036.2507420555676,1071.636512708123,526.4945576919913,277.25538635302405,136.85713756266236,131.34805524867383,158.27937606398044
48.08,-0.8664763421851318,-0.4987473819056771,-0.1926832546892747,0.0391070629862578,-0.0083034229277312,0.0354571086590103,0.0018750267318655,-0.0012570891047502,0.03393152326836,0.9994214025919264,0.0052026437157448,-0.0587775807263834,8.566696063927917,0.0162046423451246,0.0582800730110554,-0.4181897484747077,4.257298936645724,-0.6835609074311075,2.0536574275856965,1067.5848193505233,1053.7889517194465,1036.8172281370316,1071.9676032440968,586.277945659522,295.940568586078,296.23840996890374,131.719077228241,158.2761920995295
48.0825,-1.0221158014410825,-0.3458120458145497,-0.3061943244885125,0.0355271851644023,-0.0081616845399466,0.034095085153879,0.0019012833630981,-0.0012643781465489,0.0339953598020951,0.99941918847498,0.0014631275789102,-0.0569602567452471,8.569398389506995,0.0161510250044783,0.0583407764840612,-0.4212056735522412,4.257335757267972,-0.6834069008415855,2.052610470371588,1069.0825288976587,1054.5477125047187,1037.731934105413,1072.2951080942646,584.1331948289475,315.52853369800914,438.52849485229245,127.250228759502,158.27301957051804
48.085,-1.1242300584175946,-0.2460074085512768,-0.4057569572881603,0.0325832534110416,-0.0073138574968319,0.0326282484613202,0.0019194682641104,-0.0012773443866997,0.0340528753941233,0.999417188097956,-0.001524015460441,-0.0551513578500888,8.571828841148783,0.0160670094321237,0.0584099687729673,-0.4242179618660173,4.257370970232741,-0.6832526638600148,2.0515576416716614,1070.5054853246695,1055.3665943879373,1039.0098706112942,1072.6038543878947,573.8240534943305,380.2135702614853,626.1605722015939,128.81072087655303,158.2698680713068
48.0875,-1.2027056033033907,-0.2110213197462135,-0.505508079034032,0.0299304391509675,-0.006085334919371,0.0310964176959002,0.0019281105343763,-0.001293715362276,0.0341022746873283,0.9994154692819932,-0.0037241096701955,-0.0533849523972522,8.574012990683226,0.0159581982828189,0.0584899676192687,-0.4272306535645764,4.257405065786478,-0.6830980339093151,2.050498256009317,1071.9516491651275,1056.4487803560244,1040.862736966418,1072.9391616986468,465.47466978639767,415.91855270882303,714.6393562770281,117.83616249957387,158.26611906432524
48.09,-1.242972609671358,-0.2476688971869437,-0.5751885377274836,0.0280464225368621,-0.0055447086162833,0.0299743474988265,0.0019294231632842,-0.0013142009170612,0.0341445266496259,0.999413995647896,-0.0050640441003303,-0.0516384977084718,8.575988707659514,0.0158282508718754,0.0585802215561719,-0.4302477383149698,4.257439058742968,-0.6829427312005174,2.049431548029334,1072.8328586736027,1057.4461871514825,1042.5830673926812,1073.1930352003928,265.37652279571444,416.2190709375553,700.351980895317,101.50831534219188,158.26302778679943
48.0925,-1.2575141072586207,-0.3248897920775979,-0.6347257416421339,0.0258401259594434,-0.0062297595625415,0.0288090832372311,0.0019260435573208,-0.0013419408783481,0.034181943979941,0.999412681857346,-0.0054457090113298,-0.0498883942632194,8.57780540289535,0.0156791526567372,0.0586800972801001,-0.4332726581830856,4.257474175000429,-0.6827875328320807,2.0483571229134796,1073.2785317791067,1058.5298757107132,1044.3644968708963,1073.446703275358,78.83936240466832,485.5337674510207,768.3291524566525,120.71890296735612,158.25997657792863
48.095,-1.2268141715719791,-0.4212169595874059,-0.6943181713263595,0.0223549178953642,-0.0085939947046426,0.0271315068481293,0.001920557994145,-0.0013755312996473,0.0342134915513132,0.9994115633037844,-0.0048680978313447,-0.0481139180097225,8.579522598143674,0.0155167813666616,0.0587892186386609,-0.436308042837172,4.257509879930915,-0.6826330920291083,2.047275230951189,1073.2270554856257,1059.8738559887352,1046.4247131549607,1073.796629715229,-123.88967226000231,487.3988242087997,722.4936683511656,142.00137810591525,158.25636743328283
48.0975,-1.141739983659046,-0.4807360553341857,-0.7307029984221355,0.0187376567300245,-0.0112827722343168,0.0254737970690642,0.0019169415517703,-0.0014158456309889,0.0342378408581128,0.9994106786607396,-0.0033102947395892,-0.0462763654826776,8.581207167395968,0.0153455200676528,0.0589061907000263,-0.4393560718547723,4.257545088329399,-0.6824796667233326,2.0461857590580417,1072.6590834178066,1060.9668698317585,1047.9769652126542,1074.156710165888,-336.6560431459317,413.5313841442143,568.0957470027629,162.99344748509455,158.2534071910677
48.1,-0.97786578358405,-0.5130933039282227,-0.7473619850227279,0.0148392452744507,-0.0136410457236291,0.0236856017278135,0.0019156794671564,-0.0014666887140402,0.0342587551747256,0.999409890601144,-0.0007229094148172,-0.0444027627927024,8.58293173758154,0.0151684512345834,0.05903253947765,-0.4424179010138936,4.257579453402489,-0.6823278069468071,2.045088892908919,1071.5437752698951,1061.9415129094575,1049.2651918899762,1074.6115969526547,-602.3671158925048,380.5245325329729,493.44468318953966,223.4284718458852,158.25050006805233
48.1025,-0.6930341507462003,-0.543172353403734,-0.7374658343661171,0.0109144196050038,-0.0152665920301266,0.0215025217463847,0.0019184788552599,-0.0015263679687452,0.0342754100538377,0.9994092223954372,0.0028285489436157,-0.0424990538912841,8.584771599001536,0.0149934065075186,0.0591684458721651,-0.4454939680066406,4.257611863380372,-0.6821772024222927,2.043985069033296,1069.6472478383469,1062.8694924944216,1050.4441886285997,1075.2738525251164,-764.9922888136822,287.69792509396046,368.65225680416427,260.1982588210864,158.24707706411468
48.105,-0.4030474853430247,-0.5863893506056403,-0.6996207560601369,0.0090685241766286,-0.0156424585092149,0.0196851393452732,0.001927112879677,-0.0015923549358398,0.0342892908022373,0.9994086208284456,0.007244533762662,-0.0405717685677214,8.586802017849445,0.0148296164427325,0.0593134122242015,-0.4485839187622481,4.257640809737466,-0.6820277060383267,2.0428739165677072,1067.7188138258248,1063.380002534928,1051.108453173998,1075.912588246761,-802.4788700854502,141.84384824131504,203.4280846961206,267.47544979780247,158.24428200370315
48.1075,-0.0981127216472404,-0.6715015405589148,-0.6266997153410978,0.0090155603461764,-0.0156946724489987,0.017857515178102,0.0019421537195199,-0.0016622794297052,0.0343061875310457,0.9994078885068088,0.0124094604249455,-0.0386492170212639,8.589095726402745,0.0146867405821099,0.0594671621325486,-0.4516864165122091,4.2576657386449135,-0.6818789614328477,2.041754391429698,1065.6348534879176,1063.5787117356283,1051.4613290520808,1076.611229774106,-823.1339861323913,28.467048802739072,96.50833532764092,282.0409599951127,158.24154972681237
48.11,0.1888753301516869,-0.793860619507941,-0.5235246625602739,0.0101790238943995,-0.0163492048213466,0.0160406656422143,0.0019641838351924,-0.0017307989931983,0.0343292216537959,0.9994069264900044,0.0181396245250585,-0.0367571245510446,8.591720324107245,0.0145763045382218,0.0596285455590031,-0.4547992228274789,4.257686934431668,-0.6817293804745622,2.0406262629876535,1063.6031438951663,1063.5223377789416,1051.5909948506355,1077.3227930467351,-757.3770506964355,-75.29583232790867,10.332542382997588,275.17856241169756,158.23887172620059
48.1125,0.4294867595279342,-0.9453478405958916,-0.3876598155826254,0.0120482167498843,-0.0182924568099156,0.0144639623467411,0.0019941171239436,-0.0017927895834665,0.0343582481756402,0.9994057483389198,0.0242408057270714,-0.034913260198624,8.594735573487908,0.0145082286753191,0.0597953393611054,-0.4579194133428859,4.2577051776783765,-0.6815780637700514,2.0394898058910167,1061.8479682344334,1063.2022325739888,1051.5129917639958,1077.9871225861652,-663.8530602123652,-182.41605318930613,-63.77399328463446,262.0382939373054,158.23626168461607
48.115,0.6541844674344053,-1.1297239853538779,-0.2009288030582726,0.0146992322183723,-0.021664876981535,0.0131576275194732,0.0020275759014669,-0.0018491658496379,0.0343892458180657,0.9994045007376244,0.0306083004361931,-0.0332257225233897,8.598191701768119,0.0144850854382381,0.0599697511578477,-0.4610429437327611,4.25772236690308,-0.681425577361022,2.038344912332917,1060.283878594103,1062.6102575129946,1051.2721248842124,1078.6329845164223,-462.36125790666154,-233.8842954995779,-99.05041402898772,198.563835947924,158.23321124304965
48.1175,0.7946383042921839,-1.2642526955264928,-0.042096790285635,0.0170061610198784,-0.02487950410827,0.0126811314746508,0.0020583825405005,-0.0019018097564073,0.0344173157035214,0.9994033623900924,0.0371464696629352,-0.0318287880628799,8.602127089987942,0.0145065802657251,0.0601552594869314,-0.464165033797332,4.257740004163711,-0.6812716743081301,2.0371912130834504,1059.5361619449022,1062.032811096492,1051.0177396938511,1078.979941765904,-174.39734089266668,-226.45837395550427,-97.47229899075607,91.11712000430883,158.2307392996572
48.12,0.90691660870131,-1.3597187854365584,0.0957918777470829,0.0190446904749536,-0.0282917621129661,0.0129897960126023,0.0020878417083933,-0.0019489187382416,0.0344402789601796,0.9994024088825624,0.0436992170711113,-0.0307197882621903,8.60656530157945,0.014573945634635,0.0603478826184185,-0.4672813133403732,4.25775909936764,-0.6811156823464963,2.0360280668944712,1059.4118918896393,1061.4779656432163,1050.7847633892584,1079.0885701164443,83.01387381257274,-217.53442868187233,-81.35817478119337,-1.3647321495220535,158.2283424480615
48.1225,1.0388405861162708,-1.4138488212970415,0.2096326098692016,0.0211302533646009,-0.0327491149556738,0.0143503554940899,0.0021183278347584,-0.0019870909274442,0.0344612953056248,0.9994015344928806,0.0500867930271446,-0.0298700706599339,8.611515284109554,0.0146887477820672,0.0605421268550852,-0.4703873164772245,4.257780348017563,-0.6809576998298796,2.034854906884064,1059.9512313139653,1060.945138953082,1050.6109488199452,1078.9731181051563,299.76308706427494,-163.46908257043057,-35.504916624345704,-69.91490621705445,158.22555558005672
48.125,1.1640391930832787,-1.4022882794983091,0.2484783592889313,0.0226766912756209,-0.0365641646542845,0.0159364764826408,0.0021534971500862,-0.0020125428309973,0.0344822421531254,0.9994006789547736,0.056129719189473,-0.029220927216268,8.616970687266793,0.0148512021218422,0.0607311940701611,-0.4734788155564311,4.257803145788065,-0.6807976467703921,2.033673167877966,1060.9107073249593,1060.660620230365,1050.6072388061368,1078.7389955853591,469.9053485035346,-78.62701575630001,38.34667216673401,-102.207135408664,158.22330939975396
48.1275,1.3122949696231632,-1.331485148942626,0.2287707037801873,0.0244463303493727,-0.0399115230087541,0.0172672013775561,0.0021973287003203,-0.0020256546651865,0.0345012275600382,0.9993999018178852,0.0617297194996039,-0.0287021684933799,8.622909263992298,0.0150558146573708,0.060908283183165,-0.476552040389607,4.25782774517646,-0.6806361607876596,2.0324840078108366,1062.3007580564808,1060.552003874301,1050.8026821807787,1078.4620824281135,687.634333043082,-17.440643419913787,140.25504324624407,-113.00173074385968,158.22114429439284
48.13,1.5014957255788046,-1.1832479132065323,0.1557454519518321,0.0274217677525043,-0.043400817164222,0.0181295227914136,0.0022462122704252,-0.0020325556505707,0.0345154102389905,0.999399294862322,0.0668961700589816,-0.0283700035219377,8.629294614852038,0.0152905738459022,0.0610742874806931,-0.4796028223195867,4.2578560030098,-0.6804741759916683,2.0312871748266534,1064.3488789901764,1060.5734170132655,1051.3085140223684,1078.1739869316395,798.371360796137,18.86005418376898,232.97638004293637,-92.5181727683575,158.2186420534111
48.1325,1.642854000486799,-1.010614195250169,0.0741929185478609,0.030716208488089,-0.0462712886335477,0.0182242702930058,0.0022989162574637,-0.0020346702708174,0.0345228389716206,0.9993989237792944,0.0715746038490761,-0.0282301091993837,8.636076668712048,0.0155471106229481,0.0612280565638442,-0.482627534898048,4.257888405205855,-0.6803112807319871,2.0300835151613525,1066.2926148604636,1060.6463041452198,1051.967564080994,1077.9994915642715,808.114788352903,20.0235969720052,309.55135095915426,-61.15264433297958,158.21663825018126
48.135,1.725732715751686,-0.7923282319767825,-0.0039955480764288,0.034837967023153,-0.0489345424798769,0.017912317175147,0.0023548927607688,-0.0020377872750854,0.0345249091592581,0.9993987304316992,0.0758039812213106,-0.0282735502734405,8.643191784403118,0.0158128970516604,0.0613681782957471,-0.4856230700865941,4.257924753823814,-0.6801472868722517,2.0288731419707013,1068.3894529319373,1060.6735349981254,1052.8562707771628,1077.8682237099752,933.4315739803742,-19.601965314622223,429.7140584243228,-65.48206679632419,158.21472063250025
48.1375,1.70593974003938,-0.4918357618395179,-0.0711822145475269,0.0408554692908215,-0.0514886016678642,0.017301849453329,0.0024107060949044,-0.0020515896248909,0.0345244639435747,0.9993986044738362,0.0797068970891417,-0.028539136252052,8.650565229020854,0.0160719901357543,0.0614965073816211,-0.4885863068011209,4.257964733051573,-0.6799826255501207,2.0276546721747746,1070.9597727303678,1060.5482943186466,1054.1161343731167,1077.6720812302897,929.8988206073561,-81.31227488420723,475.4564009908632,-93.6708039605922,158.21252100128723
48.14,1.5594075452651432,-0.2275989080746234,-0.0939824946362478,0.0467339812231065,-0.052871035233164,0.0165429585329948,0.0024627258775763,-0.002077633035354,0.0345236927401762,0.9993984722576416,0.0832826399816278,-0.0290607975692835,8.658115187793733,0.0163168538398473,0.0616152832275001,-0.4915141162778682,4.258007138656029,-0.6798172883961165,2.0264271993283938,1073.0389470349764,1060.266973623704,1055.2335527821183,1077.399869690172,790.2175560258822,-149.45465329919847,430.19770783001167,-144.8078929204665,158.21077383119157
48.1425,1.2653606970420328,0.0201282207613091,-0.0773946111400266,0.0525655164351709,-0.0530604768714663,0.0156676815675819,0.0025115919810892,-0.0021172640423158,0.0345250328457833,0.9993982419734402,0.0865453270618718,-0.0297965808956978,8.665752689434694,0.0165410978825225,0.0617229596371591,-0.4944043001609394,4.25805112015355,-0.6796507675356696,2.025190041995017,1074.9108605104936,1059.801021052151,1056.2671229122648,1076.948041765688,694.8256175217549,-208.81052313432747,373.744156548755,-213.1175587260078,158.2091169675381
48.145,0.867105232359384,0.2277987320235664,-0.0321068872241797,0.0568842015455966,-0.0517836177283713,0.0151258420768384,0.0025585949037952,-0.0021667248308268,0.0345287064332029,0.9993979083237312,0.0894344979593632,-0.0306891902411939,8.673386335614186,0.0167443694800918,0.0618176509184614,-0.4972553127875792,4.258095529981192,-0.6794828347300192,2.0239428841510767,1076.5130751225868,1059.222921008032,1057.102273564863,1076.3342818965411,560.1564988962172,-240.1825594307092,259.0865924790744,-277.12634235476264,158.2075355436638
48.1475,0.396401663762383,0.3634497192674619,0.0351348304384231,0.058175278340616,-0.0488907120855279,0.0154491989644669,0.0026033540687762,-0.0022221104500301,0.0345343096826273,0.9993974935927328,0.0918972375526406,-0.0317110507666393,8.680924788428207,0.0169278860293657,0.0618996676225782,-0.5000665005535166,4.258139797147993,-0.6793132838258902,2.0226866990820054,1077.711643004976,1058.6001082549972,1057.5625558746608,1075.5624100539135,428.87563593947453,-255.3543094904447,95.77631844840269,-354.1487844071563,158.2060453386574
48.15,-0.1707832197832262,0.4444485107795275,0.124840339996564,0.0567757259117044,-0.0455375950607728,0.0163359467580508,0.0026463496851982,-0.0022810583184942,0.0345419838929158,0.9993969964279592,0.0939165406570528,-0.0328233092177802,8.688278916822567,0.017092744666413,0.0619692065147889,-0.5028388126999714,4.258183744282428,-0.6791419743976664,2.0214237649051974,1078.6574533022824,1057.9461494605807,1057.5811551571046,1074.5635379745072,272.02565683792,-202.4950735476851,-81.80534405037541,-355.6422038937398,158.20436234413717
48.1525,-0.5974380903880779,0.473024673579538,0.2013372135184308,0.0543222797089841,-0.0441272427438223,0.0169504550839803,0.0026836420840831,-0.0023412314075175,0.0345534314614902,0.9993963728411372,0.0954792961696707,-0.0340683714807282,8.69536642388936,0.0172416088546391,0.06203176477971,-0.5055742279056059,4.258227105996256,-0.6789700633869005,2.0201558502917374,1079.0717712891665,1057.5876328872582,1057.1535291544087,1073.7841990344439,106.31355718641333,-82.03081111942434,-244.21317533257263,-271.0689023150712,158.20304703429522
48.155,-0.9446767466912483,0.5139052545160732,0.2793993048976842,0.0515513842790683,-0.0443925770773525,0.0172399741290986,0.0027129045193556,-0.0024024979243227,0.0345680515437263,0.999395650204534,0.0966145173012859,-0.0354670607598744,8.702112877439678,0.0173756401648635,0.0620924531251095,-0.5082764271253769,4.258269672251211,-0.6788001845469037,2.018884020658531,1079.1890210882148,1057.5359954049836,1056.3600892804411,1073.2081934629311,7.97888423790753,65.62152278603719,-394.23924159954754,-176.6658608456752,158.20182115942436
48.1575,-1.2587622734842652,0.6262986015099722,0.374037126342435,0.0482866132653855,-0.0458697987740247,0.0175166885982074,0.0027331539158277,-0.002462540080101,0.0345844201656308,0.9993948865761816,0.0973147789083741,-0.0370217725326696,8.70845539130444,0.0174989132215027,0.0621558670872358,-0.5109502723721109,4.25831115951939,-0.6786340662731952,2.0176089533040624,1079.111665710356,1057.915740501188,1055.1823329464128,1072.9008697302163,-49.080484367752796,216.34430658594127,-435.9375514214706,-33.97392794507222,158.20045173017968
48.16,-1.4339345015096943,0.7801784527388386,0.4471633415143598,0.0454273019120958,-0.0468039883434903,0.0182034746958295,0.0027429641524947,-0.0025165338700416,0.0346047635773818,0.9993940210827204,0.0975281468982324,-0.0387487147558206,8.714345094466482,0.0176191795569319,0.0622272541568201,-0.5136010884251166,4.258351422451934,-0.6784719540634899,2.0163306126073754,1078.9436186663759,1058.6177169379139,1054.1804015233326,1073.0383238232057,-76.65874618233546,351.591196562051,-368.79922797829073,143.90202825445073,158.1993935878397
48.1625,-1.5157415966634007,0.9622436726572178,0.4995612392369589,0.0419236644915911,-0.0453798993335813,0.0197770406217021,0.0027437879644748,-0.0025616598660058,0.0346300019145676,0.9993930259925587,0.0972363665705076,-0.0406215881274066,8.719746614066436,0.0177422437787438,0.0623088442693628,-0.5162346981281187,4.258390584557576,-0.6783130812641521,2.0150481298060043,1078.728371979444,1059.6736964839993,1053.3383368065204,1073.6203798714887,-99.02214361677488,519.4137969686557,-304.96025385432847,353.61643747697013,158.1984194548008
48.165,-1.4982111235917874,1.1397358717926032,0.5230176425622399,0.0370156221907074,-0.0405996227963459,0.0221083272262797,0.0027408433519963,-0.0025958838379737,0.0346602113577045,0.9993918905931518,0.0964334157561008,-0.0425546624574533,8.72463884854964,0.0178729120768922,0.0623982385237746,-0.518857048053786,4.258428817121864,-0.6781555772903871,2.0137608876532025,1078.4485079482924,1061.2147859227548,1052.6556002540624,1074.8064060105887,-103.70835554808004,582.5905908303614,-186.46908624954915,503.45432947780574,158.19734502292172
48.1675,-1.3847059852487449,1.2057549890906984,0.5066070932495664,0.0327614186506001,-0.0355611121067346,0.0238405744918975,0.0027386153603668,-0.0026166965829127,0.034695658512048,0.9993906005114844,0.0951006263190946,-0.0444793954156135,8.72901619040979,0.0180163185498081,0.062492544531681,-0.5214732701104733,4.258465692728373,-0.6779977767478627,2.0124679610608007,1078.2098302017034,1062.5866494381523,1052.405991375272,1076.1376515188792,-93.61209941079991,528.3519046030076,-35.948273793091886,579.488722984046,158.1965265539392
48.17,-1.1762619221301491,1.1613343596731307,0.4594716662406549,0.0288967008192093,-0.0310497141589782,0.0251397873681438,0.0027418510882432,-0.0026273372936216,0.0347354870764274,0.9993891636371532,0.0933158440825363,-0.0463291157404643,8.732886175818864,0.0181709693838639,0.062587514012028,-0.524087805581536,4.258501706025768,-0.677838341489642,2.011167856810492,1077.9804474512382,1063.8565454457712,1052.4758588850968,1077.7038496255107,-87.59518617883948,463.21002013902506,70.9841423695443,642.680844149793,158.19578566802355
48.1725,-0.9049593399927848,1.0313262361998203,0.3961308923403635,0.0257373737098956,-0.0274914247161659,0.0261672606228955,0.0027527667381319,-0.0026307068789334,0.0347814256919944,0.9993875066054968,0.0911467487548917,-0.0480831763230119,8.736270499286329,0.018335364924952,0.062680219413415,-0.5267038449086677,4.258538012330968,-0.6776768089304905,2.009859840855171,1077.7718542708096,1064.9026995388456,1052.7609120871196,1079.3510557396253,-76.41684963874195,338.91688633931096,147.45867914004253,649.0085194236008,158.19510747151358
48.175,-0.5880935770080482,0.825278741889839,0.3256804843704318,0.0237545465089458,-0.0251189669013394,0.0269026024588668,0.0027722199156082,-0.0026289607238792,0.0348339655707442,0.9993856060650308,0.0886447621452419,-0.0497438004535634,8.739203472267326,0.0185078115228168,0.0627682490537249,-0.5293235956861562,4.258574753887089,-0.6775128300360161,2.008544146395788,1077.5983632030443,1065.5511298774686,1053.2131522807974,1080.9488922226303,-70.04559969596866,176.1621509446294,210.15489574209076,657.1418791442105,158.1945029001219
48.1775,-0.2021211107256256,0.5348899382038363,0.247656262657606,0.0230211545694008,-0.0234514222773471,0.027501785016665,0.0027973237007673,-0.0026293914184232,0.0348937480953866,0.9993834310110072,0.0859476797673305,-0.0513800696617608,8.741729518310217,0.0186804573669708,0.0628527351499953,-0.5319483730408596,4.258612366109642,-0.6773467390422327,2.00721981674981,1077.4216262723296,1065.7835102935692,1053.8116865658303,1082.636765135348,-64.94868552359999,-6.660673451330386,208.6748593121308,562.2720636894993,158.19386001801192
48.18,0.0907735991846893,0.2892159385375755,0.196695533507783,0.0237052021997845,-0.0228962340381858,0.0279089411175165,0.002825092790202,-0.0026390594217778,0.0349615252175754,0.9993809461522376,0.0831893673575028,-0.0530596309367035,8.743902118270828,0.0188448168321464,0.0629346471102529,-0.5345791440794001,4.2586516120782365,-0.6771793639586255,2.005887070007814,1077.2736197754264,1065.517826510212,1054.2565265773571,1083.7602525410753,-68.92254128211901,-191.5026457386305,145.59933837455728,380.4281969152144,158.19339129477393
48.1825,0.3237591269648317,0.072245743769613,0.1679898149003476,0.0252525409076273,-0.0230761981903073,0.0282773451443817,0.002856623165727,-0.002657477973961,0.0350334173037765,0.9993782803872948,0.0803750490135236,-0.0547692202510486,8.74578293132502,0.0189989888746842,0.0630104320510311,-0.5372170894971252,4.258692150007148,-0.6770107194450321,2.0045474833293753,1077.0770135659188,1064.8259970648755,1054.5396832577037,1084.538906119925,-107.37784246838564,-381.129017427416,69.7231036215824,264.7284590489117,158.1929898092131
48.185,0.5188511236370996,-0.1282770243778771,0.1661506456724312,0.0274574017829616,-0.0240300367176089,0.0285410299609524,0.0028909282449999,-0.0026857780952043,0.0351056506639213,0.999375560202226,0.0775393936989248,-0.0565281419355965,8.747439022106748,0.019138967730235,0.0630788551072063,-0.5398632798494947,4.2587339255788494,-0.6768404948516675,2.0032019521791766,1076.7367305630844,1063.612181423074,1054.6051420954652,1085.0838948363205,-144.4435055284834,-488.9832874316553,-27.744711281073016,141.4982220581728,158.1925826449063
48.1875,0.6128464299475697,-0.2352921261642861,0.1951652286813033,0.0292912558526663,-0.0251024851745699,0.0286522159107619,0.0029291029986545,-0.0027220695811057,0.0351749214870735,0.9993728986838456,0.0746689054095859,-0.0583123116286734,8.748941279417094,0.0192636623392086,0.0631365028092733,-0.5425190337745861,4.258776731880796,-0.6766691468442017,2.0018510711191446,1076.354796038277,1062.3810806277195,1054.4009597012985,1085.2463972302153,-168.0537121934031,-512.0059560188673,-133.08665997686427,12.583503521466431,158.19230293038743
48.19,0.6487385651248814,-0.2791739533878388,0.2558723975335984,0.0308863036131748,-0.0260840179680914,0.0288085281901598,0.002975709834002,-0.0027687147530099,0.0352390255165582,0.9993703499475716,0.0718306402752574,-0.0600344827679485,8.750360753190867,0.0193672043882402,0.0631766095547509,-0.5451861946452623,4.258820689129228,-0.6764968745218027,2.00049571155682,1075.896462002118,1061.052151642982,1053.9397087955815,1085.1468123539275,-204.41154146109056,-577.1234756061633,-248.12162946096615,-99.29496507929264,158.19208159531377
48.1925,0.6457475400792664,-0.2685514786783403,0.3579923260464183,0.0323915546270441,-0.0272285639821603,0.0291122702609392,0.0030320396427277,-0.00282919013801,0.0352954465609214,0.9993679880721332,0.0691133333310698,-0.0616601546966995,8.751768468604126,0.0194424742824035,0.0631963930159144,-0.5478659144516577,4.258866396495142,-0.6763237704003423,1.9991353907539768,1075.332738330971,1059.4954632496872,1053.1603515539928,1084.7499224048183,-194.60941724318263,-543.1773810971158,-307.1623733031877,-190.62399602707296,158.19187898029213
48.195,0.6187252235399957,-0.2185730798271397,0.456082934635993,0.0334509665664752,-0.0281401275296796,0.0295336781469317,0.0030990053916353,-0.0029020751042098,0.0353444146896836,0.9993658082269544,0.0665242303390008,-0.0631541717603213,8.75323388171001,0.0194881471757005,0.0631936729559704,-0.550558526270867,4.258914096304436,-0.6761502533248754,1.9977700435746608,1074.9234149159015,1058.3362647374947,1052.4038969290648,1084.193692373792,-133.8499275016455,-410.57813353937536,-301.8452360981445,-267.0377982351211,158.19175902223623
48.1975,0.5764288585671903,-0.1447772731311852,0.5456259202801621,0.03465512780785,-0.0286924270919263,0.0303299492771202,0.0031759288244087,-0.0029811493638308,0.0353867308090172,0.9993638072624544,0.0639892472441495,-0.0645022249011108,8.754822645037201,0.0195087115616912,0.0631683443544322,-0.5532631259514637,4.258963324129155,-0.6759769109905859,1.9963993304162309,1074.6634886934635,1057.442572581992,1051.6511253735036,1083.414733413644,-68.89880060631299,-296.2737347461674,-282.8625021610068,-342.3663232186822,158.1916851396938
48.2,0.5246958613589054,-0.0682116712073948,0.6056081325896442,0.0359648697004766,-0.0287859322950674,0.0316306164780824,0.0032557749629665,-0.0030590720903737,0.0354224522658835,0.9993620350130205,0.0614133785082367,-0.0657970713001344,8.75659427971703,0.0195107429167393,0.063127870928498,-0.5559768735430178,4.259013204903392,-0.675804738103326,1.995022015948188,1074.57892091287,1056.8548960637631,1050.989584418259,1082.4818607576976,14.784819864091045,-144.10504017930083,-223.3462827430452,-394.0487738618489,158.19164571726284
48.2025,0.4636111047748989,-0.0083797448382177,0.5993404013143498,0.037054810424707,-0.0282996669169214,0.0337222346492509,0.0033328505237902,-0.003128058684057,0.0354531636562356,0.9993604830792676,0.0586963668240632,-0.0671053410128296,8.758598672113774,0.0195022874891651,0.063078642077665,-0.5586959075643875,4.259063042080581,-0.6756347188364166,1.9936363712837504,1074.737412792784,1056.7220473810953,1050.5343939597878,1081.444489544334,124.9555274957174,59.026627769580074,-134.43127646267789,-450.64673515107694,158.19164315101003
48.205,0.3811501046007744,0.0259461869784389,0.48242275634565,0.0380231298324145,-0.0272215793066055,0.037082576182407,0.0034132597713718,-0.0031848039405505,0.0354789440326038,0.9993591372257394,0.0558237661676877,-0.0682878079614207,8.760871874601072,0.0194865407551623,0.0630142679216758,-0.5614169665991574,4.259113022226435,-0.6754658526395279,1.9922406314846128,1075.203698550348,1057.1500292026108,1050.3174280359463,1080.2286270819443,210.45095378356712,252.9728501169372,-18.983325062517288,-417.6678349647,158.19167662962877
48.2075,0.3039673988156115,0.020291873213468,0.2850239275840024,0.038689175764693,-0.0262431677598401,0.0400944626938383,0.0034948688720425,-0.0032287313168855,0.0355011846975141,0.9993579557349836,0.0528227189782637,-0.069349999109469,8.763438172953707,0.0194648303547505,0.0629374108109811,-0.5641351376471772,4.259163388119879,-0.6752969073251744,1.9908344600394392,1075.7896675617023,1057.9869116316806,1050.4394773344752,1079.3561503695091,262.65426400955425,417.0047373427364,108.21015176205869,-296.8268398257197,158.19173062161664
48.21,0.2140171280686637,-0.009577462152624,0.003110362215545,0.0394170893427824,-0.0258130379804206,0.0420645581327031,0.0035667696334874,-0.0032638090061059,0.0355202250442935,0.9993569481551264,0.0497917778905639,-0.0704532416919754,8.766309019024439,0.0194342124458089,0.0628606748988099,-0.5668443636703979,4.259214204166388,-0.6751278418942657,1.98941892665322,1076.5169698703965,1059.2350528893255,1050.8584787947568,1078.7444928828147,334.1794937935303,607.7559181018912,238.01464271085752,-193.4052384955916,158.19180653280912
48.2125,0.0863695903398454,-0.0463661015870881,-0.3717846871949898,0.0403319473683808,-0.0263277319970067,0.0419916134532778,0.0036244280442913,-0.0032968305849499,0.0355355371323379,0.9993561233485077,0.0468789136056715,-0.0716490104122006,8.769480978087007,0.0193887568399807,0.0627895068086865,-0.5695397768544891,4.25926529284814,-0.6749586626637915,1.9879956368978604,1077.4605650306685,1061.025691222187,1051.6295505480284,1078.3891241770323,342.97984564351015,672.9745855359592,311.7049412726598,-64.91213084888248,158.19191703986166
48.215,-0.0363344096738769,-0.0577522209058785,-0.6559503548660018,0.0408546573521479,-0.0273404764276963,0.0398116782498431,0.0036684347438644,-0.0033276858841669,0.0355497423091801,0.9993553833748576,0.0441092646014408,-0.0728956473155688,8.772937846325105,0.019331194999365,0.0627228975753839,-0.5722174796626793,4.259315998400927,-0.674788847151544,1.9865660968094296,1078.2318690986149,1062.5999258170073,1052.4170035011207,1078.4199322285704,287.09544050697195,608.0247464139193,323.94433974356417,72.28678776365025,158.19202102532523
48.2175,-0.1687815815109356,-0.0357778647872914,-0.8459759614426499,0.0407254881911115,-0.0283428644363039,0.036190158441098,0.0037001971624667,-0.0033532267543361,0.0355657044042932,0.9993546311647182,0.0414487449690429,-0.0741365771204779,8.776651487051252,0.0192684380529582,0.0626585380334324,-0.5748741992783651,4.259365089048837,-0.6746172325367285,1.9851300340446636,1078.896042233204,1064.0658149542585,1053.249272246747,1078.7505581158507,246.68184955603164,581.4753018985189,353.30156464361,195.4322614374136,158.1921323004136
48.22,-0.3245795481922694,0.025995999225291,-0.9192937051912686,0.0399211506228346,-0.0290787238678603,0.0313068448475755,0.0037257042078248,-0.0033741373966105,0.0355846039944502,0.9993538016722388,0.0389259961095578,-0.0752392377027178,8.780581729344684,0.0192031788192557,0.0625890135306566,-0.5775079780591287,4.259411665625125,-0.6744432104199684,1.9836870293407405,1079.465278346394,1065.5073023264972,1054.1835113243371,1079.3970935357563,157.36937105008244,454.4705056040533,317.6184821191976,261.8223071527634,158.19226849348695
48.2225,-0.4410552392057444,0.0941882259245007,-0.8443769477220371,0.0391048419903794,-0.0291577637550341,0.0275267161985791,0.0037501733972188,-0.0033946208925659,0.035608795505308,0.9993527803764716,0.0366235815757782,-0.0760900302758867,8.784679014894829,0.0191344608632146,0.0625080907255498,-0.580117486092725,4.25945550054347,-0.6742673409979673,1.982237748798096,1079.6828890884549,1066.33816748228,1054.8373646573439,1080.0596696516152,22.84458050634125,239.84291112311905,222.45807798406065,271.9407289752299,158.19238021558365
48.225,-0.5309922475901833,0.1577379217268884,-0.6499393497054652,0.0380263441905844,-0.0286480545109171,0.0248134493278236,0.0037735154441218,-0.0034204282004986,0.0356393248986823,0.9993515135834876,0.0346406720473321,-0.0766738404473521,8.78888733074948,0.0190593899316638,0.0624163976211988,-0.5827013774387984,4.259496953194962,-0.6740905287398548,1.9807823283963049,1079.5795012489257,1066.7065168821134,1055.2958017142582,1080.7567971806332,-96.40583131199165,66.31310353174405,143.46332446133917,273.2111459836444,158.19248577217044
48.2275,-0.5883620536449734,0.2006190444261931,-0.3894010019034606,0.0365337867294584,-0.0277192937469656,0.0234421637668535,0.0038005028882832,-0.0034581896560764,0.0356764970372329,0.9993499522721088,0.0330884126104739,-0.0768965507377365,8.793145216729462,0.0189731696056959,0.062309873437478,-0.5852595230884714,4.259536835151644,-0.6739134918930137,1.9793198561583651,1079.2008599318951,1066.6697329999383,1055.55468127965,1081.425725381532,-210.22460743764145,-109.32228647751661,49.153156633358186,251.077314257426,158.192583333529
48.23,-0.5943795208677074,0.2036012466443814,-0.0967593638040838,0.0345373092435516,-0.0265422353499917,0.0238008776758887,0.0038370586486599,-0.0035074637968661,0.0357190479355489,0.9993481193303456,0.0319488658291863,-0.0766464132779487,8.797389600392835,0.0188781715729489,0.0621838361949188,-0.5877922965010607,4.259575249270924,-0.6737373578202026,1.9778502732451009,1078.5283782117367,1066.1599054497256,1055.5415674974251,1082.0121837519212,-343.0793947346565,-320.3499379818548,-71.57453916766802,232.79453037536683,158.19266818926693
48.2325,-0.5343891271019248,0.1535528674291143,0.2393279671481393,0.031962796014084,-0.0254182907191254,0.0254757646718139,0.0038789340531604,-0.0035681477139992,0.0357660780304961,0.9993460593072944,0.0311994825964017,-0.0759991369674931,8.801558744692331,0.0187758831083381,0.0620465076983277,-0.5902994928584672,4.259613453540924,-0.6735637578530597,1.9763740290099192,1077.4854629582212,1065.0679833100282,1055.1968085838112,1082.5896980334096,-402.21244367249,-464.30817907772894,-177.8058108122221,191.6707846197293,158.19275190593368
48.235,-0.4323088252256996,0.0700989418210329,0.4839789394200639,0.0300734375143043,-0.0249794195882124,0.0269709072525667,0.0039194432936675,-0.0036390582570143,0.0358188086858029,0.999343755567926,0.0307946919706602,-0.0750822492083033,8.805593965275616,0.0186683615850806,0.0619097359307275,-0.592781344332793,4.259652987872803,-0.673393951465676,1.9748915249337295,1076.5173159933763,1063.838364554339,1054.6525384433648,1082.9705376750187,-384.4441085239703,-531.6827138495236,-258.10976904067934,138.89650911221167,158.19280446854063
48.2375,-0.2935058829109448,-0.0475943597398744,0.6805567307598241,0.0288701318195233,-0.0248493117575091,0.0282383718896355,0.0039535447729902,-0.0037137475790625,0.0358794135479523,0.9993411703856748,0.0305963776687913,-0.0740009971269048,8.809442061673757,0.0185629672723264,0.0617836206928037,-0.5952389257440708,4.2596947262311,-0.6732276825747461,1.9734033058684688,1075.5632424156004,1062.4095697407793,1053.906259738607,1083.284180578971,-392.8009970071608,-636.8203563553304,-347.9932590978517,135.1817355245875,158.1928371178971
48.24,-0.1157559889830177,-0.2148578477602421,0.8532566690386127,0.0285000960485541,-0.0249036891673349,0.0298704694535405,0.0039805722398839,-0.0037866241904789,0.0359472436877988,0.999338348574126,0.0304846422633192,-0.0727936691114864,8.813056474594134,0.0184648022246595,0.0616730877207423,-0.5976746628421,4.259739002011039,-0.6730640158490278,1.9719095859236524,1074.5533110083395,1060.6542627725607,1052.9125721478747,1083.6464463526422,-332.3419490893978,-621.246358057416,-354.5572620586923,138.26030258059131,158.19285146514716
48.2425,0.0176745904113042,-0.3633500318893063,0.9345368053920792,0.0291098945867566,-0.0253876772146736,0.0317775849452811,0.0040056772234461,-0.003852816603278,0.0360226943852668,0.9993352740908048,0.030358053370642,-0.0714054640293979,8.816399021422257,0.0183776003022142,0.0615754251764076,-0.6000924226296352,4.25978539204098,-0.672901328565306,1.9704105496127131,1073.901532670155,1059.303337950495,1052.1334734283155,1083.9754820918731,-203.18907702256703,-485.34314871901825,-267.784834315716,139.8614530706903,158.1928417893938
48.245,0.1149419165281562,-0.5025007434935334,0.9330141271200382,0.0301851080117929,-0.0265046597740595,0.0345992162252333,0.0040361894994433,-0.0039104763875334,0.0361042510620145,0.999331981066693,0.0301729376298976,-0.0697525936670055,8.819441625807713,0.0183010445596599,0.0614844781287025,-0.6024970160627967,4.25983356644825,-0.6727380388954216,1.968906942943124,1073.537365623226,1058.2275470289644,1051.5736479762954,1084.345753617996,-72.93220805873622,-381.3451329847208,-163.00335987176214,163.51315902462196,158.19280899379703
48.2475,0.1827757310881336,-0.6357224700348871,0.8187879996699458,0.0312732375432433,-0.0284289265147422,0.0385111896323727,0.00407675361298,-0.0039615653686449,0.0361858738795271,0.999328663274973,0.0299548297064302,-0.0678068407863906,8.822167984616232,0.0182299193658861,0.0613965773061683,-0.6048934579047506,4.259882874546571,-0.672573686496941,1.9673981049982927,1073.536871629861,1057.3966122855704,1051.3184566289563,1084.7930478869969,85.63932234336393,-214.7061312297089,-11.365784197606777,150.37771290431044,158.19274270921713
48.25,0.2035478969857833,-0.7040450628882582,0.6300830731660223,0.031861660559092,-0.0303985371757211,0.0413565693201012,0.0041306715111228,-0.0040035317374508,0.0362635656033084,0.9993254651304754,0.0296534232154201,-0.0655651770241732,8.824574937600103,0.0181651236773883,0.0613084476456704,-0.6072867127133457,4.259931995146888,-0.6724084301434379,1.9658839332205529,1073.9655622349424,1057.1540163728168,1051.5168190553075,1085.097642182517,269.7538471482583,2.7277576043186196,161.55429066426365,86.30963850199468,158.19266526256342
48.2525,0.198670070268011,-0.7159366984085773,0.3633495475112883,0.0321062635863019,-0.0326673673538383,0.0431510972450424,0.0041966841674613,-0.0040298679970855,0.0363355265647032,0.9993224827944102,0.0291503678790207,-0.063104900942455,8.826672901175138,0.0181133426723725,0.0612213196865671,-0.6096811853713645,4.259979873102088,-0.6722426303750338,1.964365851865672,1074.885640865601,1057.410251073592,1052.1262280822768,1085.2245960795065,449.1993654462452,183.09309034866328,296.3984121719325,6.8987396869453,158.19256548907865
48.255,0.1806876875647675,-0.677788538085878,0.057206229763944,0.0320975055107031,-0.035085510877695,0.043926622383219,0.0042700279733285,-0.0040435710654477,0.036397483230431,0.9993198749126914,0.0284968746504011,-0.0605714326498734,8.828483650413334,0.0180699624302606,0.0611406519731734,-0.6120810663113986,4.26002654719974,-0.6720765485483046,1.9628441828373844,1076.2115590621747,1058.0694818245606,1052.9988111161679,1085.1321358809516,617.4160520184639,351.30566064776974,384.61456769167273,-99.4060274356744,158.19244807892807
48.2575,0.1514864170987179,-0.5853675846011503,-0.2593183245955905,0.0320957643736349,-0.0372508885525293,0.0434074505432863,0.0043474635804976,-0.0040492975683576,0.0364484163585399,0.9993176699526848,0.0277787906721907,-0.0580828325861297,8.83003930172551,0.0180288168133828,0.0610695401535725,-0.6144903725745771,4.2600723242491645,-0.6719103765487278,1.961319138418148,1077.9727211256948,1059.1667793768315,1054.049300920736,1084.7275659423278,848.6382405078517,565.952620609065,468.04849916322206,-249.0544729268541,158.1923108713478
48.26,0.1010459494285548,-0.4330894456911752,-0.6039418058766649,0.0323631300815526,-0.0388150276344067,0.0415367467994888,0.004428206366221,-0.0040500438278204,0.0364891145623706,0.9993158286352772,0.0270580690042222,-0.0557091462998839,8.831380707816189,0.0179858619031716,0.0610074846848169,-0.6169125618100693,4.260117681507488,-0.6717438984480945,1.959791216514965,1080.4547502647104,1060.8992449276031,1055.3390536119819,1083.8868635163185,944.3267507400096,689.424025964274,458.640858384244,-358.17218762222046,158.1921257406445
48.2625,0.0410339242618723,-0.2924917579049389,-0.8328027535090478,0.0327622370547499,-0.0391951024068748,0.0390532273539318,0.004509978709492,-0.0040518421684976,0.0365198167464592,0.9993143279313684,0.0264523096974521,-0.0535431489659392,8.83255527778417,0.0179331960112355,0.0609555509975724,-0.6193497659380335,4.260163215123113,-0.6715771636015785,1.9582587671241545,1082.6943548793975,1062.613899506655,1056.3425052126584,1082.9367050042158,893.4156979691555,724.0009425118776,374.3662199510613,-414.61823379869816,158.19195642322936
48.265,-0.0426516484952648,-0.1588332490016768,-0.9775904702117252,0.0330352208695064,-0.0389269133654116,0.0359006931009646,0.0045902271195324,-0.004062015078137,0.0365419472205204,0.999313099821924,0.0261041613997268,-0.0516762024865711,8.833614339445049,0.0178613181690557,0.0609147710874545,-0.6218025521760986,4.260209529722405,-0.6714100304386917,1.956719909304234,1084.9218287545584,1064.5192496401646,1057.210884711738,1081.813772347324,930.5614118581439,861.9214204161487,348.0538393492662,-510.77834950398096,158.19177401362998
48.2675,-0.1710712397491321,-0.0175935612599564,-1.0454353285359828,0.0329799713712476,-0.0387219328269094,0.0320952978718505,0.0046659845940005,-0.0040855412716343,0.0365580503063471,0.9993120482037576,0.0261161946571779,-0.0501969648818905,8.834610719390806,0.0177637149179613,0.0608861933243746,-0.6242696880852389,4.2602570439298475,-0.6712416673891985,1.9551736750175412,1087.347161938684,1066.9235066087317,1058.082774409403,1080.3828132566982,814.3556314121195,885.8071430168835,294.0148521316447,-520.5055153966962,158.19154294823448
48.27,-0.2985080267225015,0.0842741949207431,-1.0194322370415154,0.0325456521423469,-0.0389192093572857,0.0292757748950165,0.0047325716816993,-0.0041242086741299,0.0365752349621833,0.9993109301189536,0.0265343970284549,-0.0492128583299842,8.835596283048025,0.0176386468652533,0.0608724302376789,-0.6267480711541517,4.260305672553738,-0.6710715413167619,1.953618951986685,1088.993606911621,1068.9482853552513,1058.680958972397,1079.2112447703391,543.7587533710431,793.8307241543075,218.5779009329754,-440.1273785546458,158.19134243207142
48.2725,-0.4410180900595929,0.1708768661349259,-0.9236748753079884,0.0317925188536187,-0.0389606648432353,0.0268948922473738,0.0047840599410201,-0.0041732166963004,0.0365969484833968,0.999309667994722,0.027286451270377,-0.0488386921423289,8.83661975368185,0.0174926283920455,0.0608774718540644,-0.6292329774248064,4.260354669830982,-0.6708997359192397,1.9520537602473975,1090.0659557055403,1070.8926602295053,1059.1756639140688,1078.1821763639239,305.50658111911207,808.84823891275,202.086895386312,-388.2461045465227,158.19113628395627
48.275,-0.6196442658587195,0.2521189635883741,-0.7510879633481793,0.0306497196247892,-0.0385463158538453,0.0243893461583052,0.0048189764276323,-0.0042303340749353,0.0366243890701195,0.9993082360153298,0.0283459789289713,-0.0491015710533787,8.837722704533169,0.0173290988107405,0.0609000786530493,-0.6317195532410829,4.26040377829254,-0.6707267200479325,1.9504782491877288,1090.5211398172153,1072.9925265498111,1059.6913934493275,1077.2700142476083,14.703035539370584,707.8920247364765,182.40372043637527,-258.34001481521653,158.19088548407348
48.2775,-0.7644838449848188,0.2936953994583016,-0.577023285671664,0.029422171844559,-0.0380854145727894,0.0226872989162705,0.0048413118943285,-0.0042952184693596,0.0366555649746848,0.999306690488334,0.0297198493877402,-0.0499226000767353,8.838938109656297,0.0171491259340096,0.0609325745300717,-0.634203520730302,4.260452590263073,-0.670552992538114,1.9488946671546663,1090.1394708832374,1074.4321203531895,1060.087682516251,1076.8904762898471,-308.9087260461167,482.5182138572277,158.52557175045223,-53.9596061322933,158.19067591021027
48.28,-0.8868207180161131,0.2967544051911585,-0.394272284449386,0.0277276568957147,-0.0372562372479314,0.0216444980027427,0.0048537476249969,-0.0043655122830141,0.0366890717670773,0.999305080462466,0.0313740369484709,-0.051234480389959,8.840291447073424,0.0169571403286037,0.0609690977011753,-0.6366806783486924,4.260500813346833,-0.6703796849509326,1.9473048163596365,1088.976596186984,1075.4051176190987,1060.4840213080804,1077.0002162169467,-578.2270227265401,291.3430576956592,162.59768738892723,128.83124931638926,158.1904684852832
48.2825,-0.9723690292148542,0.2586597626191383,-0.2213781998440859,0.0255566946840196,-0.0357968197046184,0.0211678813278259,0.004863016636806,-0.0044409979270075,0.0367204857919204,0.9993035366308604,0.0333091573836231,-0.0528899691628681,8.84179936537403,0.0167549218678245,0.0609991144037309,-0.6391478704359078,4.260547669133315,-0.6702072103721279,1.9457084181168425,1087.2483357696071,1075.8888356416664,1060.900670953195,1077.5346325364285,-790.2889583740539,56.37750084035205,174.0669633064063,305.5559759107638,158.19026486629716
48.285,-0.989240168446329,0.1667968232154866,-0.0781894325014608,0.0228032012458671,-0.0341163942358535,0.0212201189670562,0.0048704789875905,-0.004518173101476,0.036746287654578,0.9993021981307258,0.0354581363023502,-0.0548259417870134,8.84347272845947,0.016549309945922,0.0610188929282764,-0.6416017439231468,4.260592067199464,-0.6700355369547316,1.9441041559226684,1085.0251513951116,1075.6870051233007,1061.3543561246129,1078.5279960965013,-1027.6598290110287,-257.2032210338014,208.09948112299287,511.94651181132207,158.19006805403967
48.2875,-0.902886357414708,0.0086503174085959,0.0429668806243524,0.0190295982117724,-0.0328749292690656,0.021789130161589,0.0048749079456901,-0.0045920262512893,0.0367685376161955,0.9993010188590504,0.0377192817230989,-0.05701675153334,8.845317095060446,0.0163502074275419,0.0610278324833546,-0.644039312477862,4.260633931521247,-0.6698639367372751,1.942491548807164,1082.1100366245496,1074.6028195364968,1061.9411683588105,1080.0943650954864,-1056.2241094608964,-529.6507106340229,220.40974343392045,605.5527869828943,158.18984217268655
48.29,-0.7312719976729388,-0.1386725354187962,0.0960878449486584,0.0158750259120307,-0.0328786536954011,0.0226390267738808,0.0048802459919396,-0.0046573823697208,0.0367892690323299,0.9992999300392876,0.0399844958074693,-0.0593391316627985,8.847332840846086,0.0161674474841564,0.0610187430529782,-0.6464592268341299,4.260673683365129,-0.6696913738270159,1.9408714500303188,1079.744030847812,1073.0387515701327,1062.4564048417815,1081.555760031413,-869.93364506403,-731.8010491803655,208.51720460617136,577.602421020788,158.18966396125276
48.2925,-0.4605307818020834,-0.2651300475299243,0.1028176131321246,0.0132484869135708,-0.0340152088776221,0.0236043829715694,0.0048860524765086,-0.004705721259314,0.0368115512263334,0.9992988629179153,0.0420772084138662,-0.0617406103132666,8.849519109013425,0.0160151914132216,0.060989985386847,-0.6488607753168332,4.260711837301168,-0.6695178187893867,1.9392447292606845,1077.7603683992272,1070.943814290593,1062.983754381842,1082.9823772005918,-723.2888649576972,-985.1860286162225,231.93653052364385,580.3091988547509,158.18949749647743
48.295,-0.0513781863231263,-0.3552410453285717,0.075759222291565,0.0112749534922614,-0.0362479691893502,0.0242481745522324,0.0048893371977132,-0.0047356936883822,0.0368351073749651,0.9992978499697652,0.0439399446358713,-0.0642155335414569,8.851873912462333,0.0158974282354922,0.0609440144729521,-0.651244543419204,4.260748853076201,-0.6693428663974245,1.937612976413428,1076.1275865230216,1068.1128214270493,1063.6160874944003,1084.4573060256882,-444.17891189590966,-1038.364413115358,231.13784415361908,479.8246954621207,158.1893124163823
48.2975,0.3217927629878138,-0.3639764299654387,0.0447633446659528,0.0113080773115641,-0.0381286325407838,0.0239904550220086,0.0048950444122966,-0.0047560058895592,0.0368584403033857,0.9992968782439854,0.045693608048074,-0.0666235522717463,8.854393734395895,0.0158036339697872,0.0608740145936008,-0.6536137352814233,4.260785728757292,-0.6691660476010056,1.9359776609652408,1075.5394738397497,1065.751992225021,1064.1394436026087,1085.3815006779002,-61.777964529133214,-881.5032395684322,210.17641818414796,288.9719835836672,158.18917091711907
48.3,0.6725424711788378,-0.3038512461007968,0.0290752605061887,0.0134901300736044,-0.0393104435807348,0.0231095469374291,0.0049100880792706,-0.0047739516168726,0.0368839882833048,0.9992957866977364,0.0474324049574307,-0.068790008682309,8.857077640722148,0.015724458989379,0.0607710520421096,-0.6559728729770029,4.2608235762252935,-0.6689878425412336,1.9343396313314287,1075.8186967003755,1063.705305229205,1064.6669695853216,1085.902165943607,308.10005557484754,-767.0074922845456,236.89748222051708,124.57556673605716,158.18904286586985
48.3025,1.0104130135771254,-0.1668468024067722,0.0414704815732773,0.0177592337644943,-0.0399690168180649,0.0220881650046808,0.0049371908646331,-0.0047937452177041,0.0369100918277354,0.9992945998916268,0.0491910731029984,-0.0706155540471738,8.859929466363463,0.0156533277307368,0.0606326078864084,-0.6583265772429447,4.260863014089348,-0.6688093489139808,1.9326991364821025,1077.0799741176247,1061.9169547635963,1065.323931013712,1086.0043785115809,587.2970569764559,-515.0511981226056,247.19615138855917,-51.15778255890396,158.1889047034788
48.305,1.1987677878027416,-0.011931878873039,0.0743144694598897,0.02196627152767,-0.0402228665614137,0.0216777265924545,0.0049802003697546,-0.0048233507337349,0.0369344374354443,0.9992933442273751,0.0510707453822143,-0.0719888927646514,8.862956285126307,0.0155779043840624,0.0604559904444734,-0.6606799069745464,4.2609046569079165,-0.6686316931470448,1.9310559523298525,1078.7551819852551,1061.1300492385942,1065.9029503422632,1085.646377030813,748.329057690061,-156.1883961154873,237.4657778437872,-226.50020908310816,158.18880258813752
48.3075,1.2880570191921468,0.1694944310390546,0.1140005202769694,0.0262326431707614,-0.0405203061511301,0.0219235416939628,0.0050385665627664,-0.0048660709939298,0.0369579727078908,0.9992919706429844,0.0530876959323604,-0.0728813638318088,8.866170073626881,0.0154922166929009,0.0602450366008382,-0.6630369609577472,4.260948567833777,-0.668456461380105,1.9294092707130748,1080.8216194060767,1061.1360127830185,1066.5112599029317,1084.8718774661647,846.935215903453,125.5125327302534,243.4899530083958,-362.83800256137135,158.1887145526264
48.31,1.3117613891135715,0.3582017602683902,0.1432752023441156,0.0300397683575065,-0.0404451036315397,0.0226788917407848,0.0051072078932072,-0.0049185474901373,0.0369808146357857,0.9992905138985716,0.0551383213213058,-0.073349465354772,8.86958700221963,0.0153992333736074,0.0600102167666703,-0.665400395670448,4.260993932798878,-0.6682841413848079,1.9277581243776625,1082.9898580647748,1061.7576119022456,1067.1204001073058,1083.8321870180052,839.7690659620274,367.4761140533224,232.6511759166648,-448.74662660513303,158.1886389641531
48.3125,1.2913495078785164,0.5304890813907754,0.1440792488042589,0.0328217999537192,-0.0391247867676384,0.023783475493223,0.0051824748605028,-0.0049805443253149,0.0370034980402373,0.9992889723990132,0.0571770989134557,-0.0734369045238554,8.873223345517534,0.0152980909868511,0.059760844903602,-0.6677721098799276,4.26104003927763,-0.6681144968730005,1.9261026838382491,1085.0204647358833,1062.9733933532834,1067.674515782514,1082.628144333141,808.4474008393576,616.8546359396413,211.54534783273587,-516.6029618697089,158.1885797407632
48.315,1.2633676761750776,0.6838723956286167,0.1037877008213035,0.035105445552265,-0.0362202081808016,0.0250184487574421,0.0052610397333966,-0.0050505816725295,0.0370287018558313,0.9992872727788938,0.0591391048697252,-0.0731921337757179,8.877094115234666,0.0151902792747306,0.0595058691773966,-0.6701527407905816,4.261086107650378,-0.6679471047602004,1.924443227584212,1087.032095068968,1064.8418850819412,1068.1781268464683,1081.249172208659,644.0964028863052,708.5872755696995,142.38222434161787,-454.542186081648,158.1885298817532
48.3175,1.2614515341737136,0.7507788998822122,0.0402425353847759,0.0366511604849705,-0.0334975662766859,0.0256433607012827,0.0053393683719057,-0.005128870542584,0.0370586309932863,0.9992853531710344,0.060992047823027,-0.0726794078033199,8.88121004991836,0.0150754516045105,0.0592544831440111,-0.672541422165914,4.2611316411794125,-0.6677816927811883,1.9227782503154056,1088.2409467503164,1066.5163297311335,1068.3864269042224,1080.3554334027317,382.13763009447126,647.6808364217828,23.313337737260447,-263.10807187251334,158.18850806496138
48.32,1.2889066404188807,0.7515468692005212,-0.0393213337861768,0.0386325253860808,-0.0311805909362646,0.0257054664705038,0.0054178065855372,-0.0052102616915996,0.0370901903897534,0.999283353589324,0.0626140459077065,-0.0719004878537756,8.885575565553811,0.0149600080920173,0.0590101773223468,-0.674935921057309,4.261175583863628,-0.6676177222331644,1.921106645853416,1088.9427832194413,1068.0802892640515,1068.2946935351547,1079.9336318492958,212.48658403443412,630.5607170776789,-121.36756447150344,-50.362893649844736,158.18850964274264
48.3225,1.33768750201031,0.6887008883306278,-0.1304234824345812,0.0419024838069848,-0.0291397745222231,0.0251832720465264,0.0054929264533634,-0.0052875279730365,0.0371215784874297,0.9992813955409912,0.0638474327972389,-0.0709319773367786,8.890186658953667,0.0148538130937676,0.0587807143861184,-0.6773318088560148,4.261217612603584,-0.6674548018151444,1.9194284039905876,1089.3033796704876,1069.6691333165193,1067.7795890818654,1080.1036189344827,78.48855536818141,530.0921895622668,-257.5835287518249,173.2940709736363,158.18854238116
48.325,1.3681137004951391,0.5959223375109884,-0.1871494683795062,0.0450652339050645,-0.0280876811365402,0.0243360671775293,0.005563190865154,-0.0053601047250233,0.0371518917761312,0.9992795215379968,0.0646583323291167,-0.0698288654085235,8.895026213643993,0.0147577695326303,0.0585708340948081,-0.6797234596172893,4.261258655515485,-0.6672934125373077,1.9177424734674116,1089.3352259962824,1070.7307502118645,1067.0067758913951,1080.8001022041644,-7.958955212730436,385.53043647783227,-371.3764168437512,366.9550424873647,158.18859806835653
48.3275,1.356222112674272,0.4719886624057358,-0.2113181807270912,0.0482376484485211,-0.0274428479728772,0.0233632738344605,0.00562556748007,-0.0054240527176074,0.037179927687674,0.9992778139010724,0.0649568778471753,-0.0686759093114267,8.900064619564365,0.0146771171905142,0.0583862198213533,-0.6821035857796697,4.261299302457608,-0.6671334283249272,1.916047688397184,1089.263584894424,1071.5967854989094,1065.9227069976455,1081.9383941469205,-22.447313678796895,370.2572699088889,-525.9198086807154,549.7905575611182,158.1886861046877
48.33,1.2547771749572567,0.2881751840072469,-0.1981448796017096,0.0520263041815474,-0.0265486250660611,0.0224346141111849,0.0056759702523026,-0.0054757065177604,0.0372073224319482,0.9992762547326376,0.0646632656695263,-0.0675802577437229,8.90525824183155,0.0146167404895653,0.0582328256703459,-0.6844637551612685,4.261339513197622,-0.6669739067777827,1.9143421177014608,1089.2229894278885,1072.5820365614072,1064.377176847994,1083.5490549919675,6.373074865038157,378.9112068282856,-584.8285180412595,587.1172227163422,158.1888319886114
48.3325,1.0693276233297728,0.1008819791756347,-0.1541013072112858,0.0553177298203277,-0.0254938390086472,0.0218453616724289,0.0057159815089569,-0.0055187981587337,0.0372371205943476,0.9992747001187954,0.0638399745850231,-0.066553985093293,8.910547321495923,0.0145707657036008,0.0581079836018847,-0.6867959542831372,4.261379977405607,-0.6668138458677131,1.9126249151615455,1089.2954502687492,1073.4913415330518,1062.998564407438,1084.8739802605037,53.66127919707633,403.55281317599565,-540.1922142186742,478.0406232793495,158.18898884559928
48.335,0.749871867989246,-0.1242675931391039,-0.0818884492032823,0.0588240263720039,-0.0243267272210971,0.0213218594540979,0.0057503772492817,-0.005555821906668,0.0372691857286993,0.9992731143236752,0.06253738223635,-0.0655494381352041,8.915859373425,0.0145337998530307,0.0580034340517146,-0.689092868171969,4.261421308655885,-0.6666523454386598,1.910896875212956,1089.491295823874,1074.5998006272882,1061.6762157768992,1085.9392581083655,103.84778330649517,534.3960985243342,-534.9367723128897,369.0112759179274,158.18918404235205
48.3375,0.1975875047668608,-0.4223051702408557,0.025860949915574,0.0631326160336212,-0.0235719397705203,0.0209825527669686,0.0057825959903876,-0.0055853862593004,0.0373018023210582,0.999271550101222,0.0607443920065517,-0.0645361846705352,8.921113017028413,0.0145051060421757,0.0579114747145021,-0.6913481175430368,4.261462760595864,-0.6664884043728458,1.9091584880717585,1089.8146891852812,1076.163322025671,1060.323880545876,1086.7190366400916,119.99844474192514,593.9691213124805,-436.02297171751593,189.5941077481378,158.18946410999087
48.34,-0.3868797440713349,-0.6646882299730391,0.1216295020428871,0.0659838377975883,-0.0241102350932034,0.0211262064815953,0.0058143480687311,-0.0056116731655664,0.0373348824528986,0.9992699785553704,0.0585575431685176,-0.0635129693105279,8.926220143202713,0.0144760676863064,0.057826197039866,-0.6935572143127343,4.261504106560024,-0.6663214534482798,1.9074106676090317,1090.091288047584,1077.569646233852,1059.4961009183105,1086.8872286471067,94.42558822256333,544.6037132097841,-252.4596079840721,-27.974152976125207,158.18973647391107
48.3425,-1.035198142322913,-0.849285345771124,0.2078609197498797,0.0661116373133347,-0.0263957663571845,0.0217972505632211,0.0058489822239222,-0.0056423438907864,0.0373716821109669,0.9992682167003424,0.056146648742696,-0.0624453085628008,8.93109058027405,0.0144330447984613,0.0577390906992311,-0.6957185536110325,4.261546373734327,-0.6661515081028959,1.905655555227192,1090.2868171263942,1078.8863405917211,1059.061582505955,1086.5791658752107,52.79109803791725,476.56142249554847,-104.00602781624364,-184.98111658208012,158.19004984561815
48.345,-1.6564456252750575,-0.9448194507516888,0.2757808975576139,0.0626378646396256,-0.0301349423764121,0.0228480682953218,0.0058885225692463,-0.0056807772352345,0.0374141777487787,0.9992661612724356,0.0536141690726544,-0.0613122757062872,8.935639227346822,0.0143677996920705,0.0576433616850956,-0.69783329256527,4.2615903040915395,-0.6659792570846313,1.9038965490582425,1090.3552435377733,1079.9524533463275,1058.9760707792295,1085.962323064197,-14.278787222967338,328.5983916888792,45.31606141547354,-289.0184122440473,158.19039735338163
48.3475,-2.1371212585720296,-0.8989289744384747,0.3147092128638274,0.0549861032313242,-0.0349209976398556,0.0240873326552482,0.0059300944688441,-0.0057286701704559,0.0374620873297489,0.9992638323315032,0.05103862005223,-0.0601722648792142,8.939791626062537,0.0142742401615669,0.0575395205167531,-0.6999050369424619,4.261636243674197,-0.6658056923110469,1.9021358280666627,1090.2154231902791,1080.5293325501666,1059.2881628130324,1085.13407381399,-119.17417684606605,112.29747111036596,211.7834995770689,-366.6239684840036,158.1907858371841
48.35,-2.4485709455083464,-0.6783917399840366,0.3288821501468425,0.0437782976827063,-0.0402078678085854,0.0254088073690438,0.0059716003098971,-0.0057844488349929,0.0375141909503776,0.999261298510094,0.0484490800894692,-0.0590615039446904,8.943488500658544,0.0141508448247951,0.057427656629152,-0.7019401207947087,4.261684013266414,-0.6656316657575198,1.9003741619407073,1089.7593726535426,1080.5139407018798,1060.0349882771156,1084.129203221776,-219.32082366612968,-125.74228290952829,317.54777652574154,-339.0551837632657,158.19129870612383
48.3525,-2.460635638036712,-0.3911484063337746,0.320315195286349,0.0349579036026695,-0.042912896083346,0.0261781380394759,0.0060153202228582,-0.0058476544889981,0.037569066779945,0.99925860254444,0.0459046444415274,-0.0579338038039968,8.946688981507917,0.0139947725724048,0.0573026964118184,-0.7039475583277354,4.26173360499123,-0.6654573502287626,1.8986119910195476,1089.1188190719497,1079.9006211356195,1060.8759016956596,1083.4387978951752,-311.63721477512325,-352.01213320811075,358.12025827676604,-218.08211589366448,158.19176418608762
48.355,-2.2413749499020192,-0.0701035414367601,0.301317406407946,0.0280513673636255,-0.043053550326224,0.0265617120699289,0.0060579318829009,-0.0059142865293919,0.0376212345609398,0.999255993528505,0.0434024872858558,-0.0568372082210191,8.949376504647262,0.0138087688100202,0.0571683518110478,-0.7059371028484258,4.261784623348644,-0.6652830797213807,1.8968498814192836,1088.2011865796662,1078.7538800358384,1061.8255895685004,1083.0387926423073,-463.27409925546766,-589.3675829000754,419.44300199494506,-92.81169382775059,158.19226784595827
48.3575,-1.7852915559660807,0.2584401846422421,0.2750972802311543,0.0224351413122146,-0.0405868001956393,0.0269401831341849,0.0060953692942516,-0.0059799701860916,0.0376654807271842,0.99925371669868,0.0409358130539595,-0.0558313464283353,8.951559795735754,0.0135973017204492,0.0570303825514707,-0.7079191520251314,4.261836095188205,-0.6651091844229172,1.8950882734985073,1086.8024485756712,1076.9537832211176,1062.9731167056354,1082.974739426036,-553.6934434154807,-697.5205974187224,409.7845878548104,46.44237251913768,158.19291432233044
48.36,-1.3068147955777791,0.4306601395553708,0.2515492410756577,0.0198051839204969,-0.0373324169474529,0.0274830006677976,0.0061302078052381,-0.0060412675032625,0.0377020113483498,0.9992517658561346,0.0385202652755551,-0.0548580862862385,8.953272265803918,0.0133651084895151,0.0568860068701516,-0.7099048451009083,4.261886574967744,-0.6649357661221434,1.8933254087708489,1085.4327193625911,1075.266277048748,1063.8745125077724,1083.2710045049027,-572.0242253663657,-675.1889263130763,340.44288325208845,179.51638802537585,158.19348630271557
48.3625,-0.7896812950545515,0.4685898706713622,0.2236990392621969,0.0187302661031572,-0.0342818028739564,0.0282507116947825,0.0061623810336748,-0.0060947156474875,0.0377316511912075,0.9992501296611024,0.0361677328754061,-0.053908380461515,8.954573092736794,0.0131184552002781,0.0567370731283087,-0.7119042824334916,4.261935327137982,-0.6647631580389372,1.8915594813188008,1083.942327448838,1073.5778385895503,1064.6753311218968,1083.8723213661635,-652.2819287353587,-705.3648380650004,324.1996112897756,309.94114332613725,158.19409024103433
48.365,-0.1717966200946455,0.3716728117322711,0.1835198913724535,0.0185518862347052,-0.0317551369500397,0.0290948467176311,0.0061900518983392,-0.0061380770080084,0.0377527879129375,0.9992488934467532,0.0339066445653593,-0.0530090147230498,8.955544863014572,0.0128627854830326,0.0565889862099359,-0.7139261894393588,4.261981856259555,-0.6645921044912841,1.8897907280889272,1082.1713097189129,1071.7394528584211,1065.4955105642223,1084.8207102215342,-617.9552237283297,-621.8959675325749,275.02453388080994,363.573623970036,158.19484846296075
48.3675,0.3231158930365743,0.2029768443388627,0.1460436850593261,0.0189674350919511,-0.0307735802806687,0.029606515258426,0.0062146312182397,-0.0061722793466986,0.037765557909593,0.9992480381877238,0.0318180652512586,-0.0521353566191919,8.95628909176315,0.0125999067883294,0.0564433829177915,-0.7159781819046481,4.262025843673378,-0.6644238908838386,1.8880191338673928,1080.852551330199,1070.4683587518905,1066.0504537912996,1085.690189486012,-458.1107636214186,-437.3125413864309,192.1897336813271,338.86107860003847,158.19550538622315
48.37,0.786907751065333,-0.0091621264976628,0.1091765893959636,0.019880407681725,-0.0308985963464154,0.0298984964502685,0.0062365011183799,-0.0062002923088361,0.0377741966219435,0.9992473850712033,0.0300108685958199,-0.0512877666680202,8.95692261821943,0.0123297402515551,0.0563037864245709,-0.7180659061163654,4.262067812681392,-0.6642596728613239,1.88624378579653,1079.8807559008046,1069.5528901514879,1066.4564592326294,1086.5150156145353,-305.85518946943733,-299.82118701880734,134.81523302550536,306.6032553284709,158.19618455570443
48.3725,1.216654737572042,-0.2216031791348364,0.0771450571832588,0.0214498611248811,-0.0317937197320111,0.0300399627098324,0.006258597348671,-0.0062232174005488,0.0377841821139432,0.9992467050080446,0.0285523420689336,-0.0504248395283097,8.957571968094895,0.0120550512462925,0.0561699180153102,-0.720193069371815,4.2621083974838445,-0.6640992517386791,1.8844642844633404,1079.323275382851,1068.9692528167957,1066.7245299564274,1087.2232057626552,-101.54153072535476,-149.83898756577204,70.88136611507332,241.08727936594832,158.19687906069203
48.375,1.5861485406659812,-0.3986802581497294,0.0555106500889184,0.024172070435666,-0.0333142324477933,0.030053608138891,0.00628822382475,-0.0062469985848096,0.0378006134364281,0.9992457252422904,0.0275882155170385,-0.0494349389218342,8.958366114160542,0.0117712792293521,0.0560349196418397,-0.7223615540669333,4.262148157186625,-0.6639416437777432,1.8826806804347556,1079.3730482471783,1068.8036952136597,1066.8108660632045,1087.720452011364,171.44104474761792,22.713182895243076,-6.159549506861512,159.34008933391792,158.1975879369238
48.3775,1.9211508549330096,-0.538021292989258,0.045205927835943,0.0289780013487505,-0.0353544404267048,0.029987978324226,0.0063262437891535,-0.0062798765579225,0.0378274730850975,0.99924423991077,0.02728894107691,-0.048326940184569,8.959432281484073,0.011470498762818,0.0559003339276244,-0.7245699500976504,4.262187741855261,-0.6637860609257392,1.8808917008232289,1080.1804806065884,1069.0828187312718,1066.6937322088932,1088.019906209324,411.3295333219581,177.13121854653795,-79.65817679751596,57.987570595030206,158.19844942154992
48.38,2.0756568048939448,-0.5790260506802112,0.0501211212813009,0.0341782061123654,-0.0372321890726285,0.0299081648567273,0.006369565615862,-0.006323796459993,0.0378652624697165,0.9992422366086235,0.0276969378443323,-0.0471784309736395,8.960889968080647,0.0111533970942338,0.0557719026530291,-0.7268135784381141,4.262227102170328,-0.663630947576976,1.879096543130777,1081.4296959137891,1069.6893513063928,1066.4125751792167,1088.0103898643392,589.9633460055321,308.84776354439623,-147.7160252577659,-54.494332628264,158.19917180415507
48.3825,2.061957437042021,-0.5345384419413352,0.0665515354323408,0.0403747142272653,-0.0394446809190849,0.0298551023382899,0.006417508759006,-0.0063769925040008,0.0379158036518407,0.9992396615072956,0.0287774190743316,-0.0460216387790313,8.96284336309282,0.0108259069906811,0.0556502021302021,-0.7290853182178514,4.262265824554675,-0.6634744400505223,1.8772936946459668,1083.1302973366176,1070.6270575489943,1065.955152082604,1087.7474345461826,802.1460051580126,468.16671473972576,-232.80277411229943,-165.27223656045433,158.199893109426
48.385,1.8240103496790807,-0.3886948066174391,0.0926296900239534,0.048254820883359,-0.0417945843260023,0.0298980861296187,0.0064681085052569,-0.0064328928698124,0.037976780289387,0.9992366560716636,0.0303960436007582,-0.0449068835227806,8.965376848838508,0.0105004614634291,0.0555361806311531,-0.7313754130199829,4.262303696566728,-0.6633155472481613,1.8754805929265788,1085.4404259395756,1072.030184880089,1065.2485613086562,1087.1840286815377,851.1617459323327,541.0572659942278,-273.33274930715214,-238.76373956028664,158.20075110399117
48.3875,1.4435977404832177,-0.2069503995122351,0.1121551444414736,0.0543386430863694,-0.0429196156245536,0.0300929053363352,0.0065215838323294,-0.006487673224771,0.0380418661132435,0.9992334837053988,0.0324570417894653,-0.0438436743170753,8.968549291466418,0.0101848529610327,0.0554267894799852,-0.7336725230118598,4.262340877058678,-0.6631539303541867,1.8736551940806423,1087.3861060662812,1073.332343878967,1064.5884883360675,1086.5536158483803,738.429899873367,522.0860719332053,-258.5685495835647,-272.1679336957976,158.20145582502383
48.39,0.9108590084169934,0.0068428366068234,0.1187964393274214,0.0588518136579403,-0.0432132764480761,0.0305473732118631,0.0065749215077159,-0.0065332220097336,0.038105958989249,0.9992304117024632,0.0347746331067603,-0.0428913570510137,8.972393050282438,0.009893432170056,0.0553227317615514,-0.7359638475114987,4.262377206861093,-0.6629896879647232,1.8718172160360391,1089.1325754389443,1074.6406152397567,1063.9557185607375,1085.823189013058,686.1726082357892,547.3717708565322,-245.25242124809236,-325.9041375515843,158.20214600232737
48.3925,0.1786629113286495,0.2601941966770752,0.1010741221254997,0.061200666367737,-0.042711000288917,0.0314526493801994,0.0066210344610341,-0.0065635910986226,0.0381687881318476,0.9992275344935976,0.0371893412739735,-0.0421776377491405,8.976912148862214,0.0096381536352297,0.0552304374618532,-0.7382361718132915,4.262412780523172,-0.6628232955543583,1.869966564424257,1090.8169691074572,1076.0692027332473,1063.362226229828,1084.924095160624,535.5390375251307,482.34457850301504,-172.48908519627818,-317.88659022588143,158.20295397247287
48.395,-0.4313839146113251,0.4393842825505922,0.0617228885717435,0.0601956641146603,-0.0412810317792107,0.0323195858745397,0.0066611024020851,-0.0065830957578142,0.0382277597440698,0.9992249095186124,0.039722689322616,-0.0416821971962121,8.982079022552197,0.0094149482147806,0.0551449311382121,-0.7404783947666271,4.2624477534422205,-0.6626554291622228,1.8681054733762092,1091.8102706265713,1077.052338132273,1063.093273134756,1084.2337560619278,310.5398852512056,335.96604480099904,-47.106042089102175,-243.77823283904297,158.2036086164721
48.3975,-0.9500223788146744,0.5565039216164516,0.0026753345818879,0.0567490743467107,-0.0388896705926289,0.0326955482184138,0.0067011556550316,-0.0065979925961601,0.0382810002958421,0.9992225231675478,0.042427828224484,-0.0412919168332278,8.987837901616759,0.009216354148985,0.0550544410282397,-0.7426818910434028,4.262481513105886,-0.6624867345450463,1.866236448912849,1092.369668533714,1077.7490329572531,1063.1266960193825,1083.7052039964283,158.49241789602135,226.5907041722372,66.65851239669487,-170.1088905841244,158.20424257825067
48.4,-1.339689664641046,0.6114765917265605,-0.0620214945971316,0.0522114683427397,-0.0363740705590266,0.0324307422226814,0.0067462924506048,-0.0066123639171399,0.0383275603150348,0.9992203488529962,0.0453137008152731,-0.0409020744193097,8.994109705231532,0.0090378684513359,0.0549488497883213,-0.7448403782010972,4.262513059681782,-0.662317790636036,1.864361225156964,1092.6027327160507,1078.1852916531332,1063.426565696739,1083.383211609008,26.17643829470151,113.04959413640644,179.34313317609767,-66.1920302692695,158.2048590323076
48.4025,-1.5364942571560518,0.5958851866731442,-0.1198199057237131,0.047139805600857,-0.0343487125938749,0.0317819931010779,0.0068044926955732,-0.0066317162503272,0.0383708214961839,0.9992181665101924,0.0484147153924177,-0.0403511570780433,9.00079502978599,0.008872619723163,0.0548142430580206,-0.7469506506762509,4.262542459081014,-0.6621487232148212,1.8624813123054136,1092.5005507251876,1078.3142809279354,1064.0234116852635,1083.3742438450815,-110.62737714468108,-5.845524177899926,315.1116215249865,73.89484474843668,158.20545462783306
48.405,-1.5347506166939309,0.5172008924517141,-0.1699146556798288,0.0410314656924851,-0.0325685697897668,0.0310068934209683,0.0068816042406305,-0.0066567112209782,0.0384161256828181,0.9992157273403068,0.0516766677105573,-0.039507749295811,9.007780988319972,0.0087204592635713,0.0546401361987694,-0.7490119333489925,4.262570243753833,-0.6619796196778623,1.8605991714810528,1092.049595830327,1078.1560640322436,1065.0021238043648,1083.7526858327503,-216.89460221206616,-101.17758766264267,385.01482664258674,198.15504074167447,158.2061459664297
48.4075,-1.3451870109227375,0.4225517498445564,-0.1924405919957013,0.0362618183934936,-0.0316418913486332,0.0304986113836593,0.0069741406033273,-0.0066858877557989,0.0384656656197304,0.9992129796626023,0.0550024600833832,-0.0384035299388097,9.014947591522212,0.0085835612672629,0.0544306658999166,-0.751024853946401,4.262597650169768,-0.6618110732844447,1.8587158441723055,1091.4160777141283,1077.8083929896227,1065.9484858184746,1084.3650190487892,-309.51936146823374,-171.99569774175256,380.6074272004352,289.60496631151466,158.206703165234
48.41,-0.9947651814830047,0.322063834584116,-0.1943734225423885,0.0325029916389104,-0.0312919992954788,0.0301500302286947,0.0070746374332188,-0.0067164550327776,0.0385211786100694,0.9992099275841004,0.0582725061060111,-0.0371395271387,9.022171772920538,0.0084651782885982,0.0541966636462836,-0.7529915583186423,4.262625698902524,-0.6616438507634225,1.8568310303359696,1090.501999022985,1077.2960855435344,1066.905160940368,1085.2007106643086,-472.0229548943594,-249.82177052321228,393.4450737721624,389.59245677918335,158.20724137344743
48.4125,-0.4521691622314792,0.2151547070200228,-0.1717579339988115,0.0297755858086337,-0.0312753650115267,0.0298450433559412,0.0071733100825555,-0.0067445624179492,0.0385857543914976,0.999206547029808,0.0613530194705569,-0.0358584047072065,9.029331840906282,0.0083694109582942,0.0539530753583321,-0.7549153503571103,4.2626547503786325,-0.6614779552038985,1.8549444090668563,1089.0559629396553,1076.559284137006,1067.9157111873365,1086.312981332686,-586.4052881159627,-281.2922735907535,327.9677032143153,400.36281808247656,158.20786597777754
48.415,0.0445452917200605,0.1442098070090148,-0.129162345599401,0.0291875549096087,-0.0312676546979869,0.029616924875398,0.0072631102357775,-0.0067732345265625,0.0386592965993294,0.9992028708611576,0.0642443556615338,-0.034660160333937,9.036309159453678,0.0082885288840578,0.0537117599858676,-0.756800831868043,4.2626854603623325,-0.6613132500786125,1.8530558327778368,1087.569972582408,1075.889624175582,1068.544999456438,1087.2025247547192,-635.4801930468898,-270.065442487201,189.28936965089045,316.72467743985345,158.2083692670859
48.4175,0.5147390335283633,0.091310047667323,-0.055621350215858,0.0304908298053841,-0.0310242249564632,0.0293528499278253,0.0073403391877654,-0.0068039518763717,0.0387367867712724,0.9991991090614744,0.0669311534200928,-0.0335862468893391,9.04299277976045,0.0082155740418918,0.0534798898331911,-0.7586533935334618,4.262718412486388,-0.661149278024102,1.851165382479472,1085.8785619744192,1075.2089569245693,1068.8621580355912,1087.8966047198862,-748.9132824834803,-293.14852214227824,56.480134612246026,229.5470413750271,158.20885523866983
48.42,0.9699024210438352,0.0429560328191366,0.0766227187865296,0.034133746566787,-0.0306386638947016,0.0289881446499206,0.0074035533388138,-0.0068352412006931,0.038814063802959,0.9991954418129992,0.0693574562206939,-0.0326397371394614,9.04928259769222,0.0081475698535542,0.0532611823588754,-0.7604786468395828,4.262753041225368,-0.6609851005267036,1.849272761920742,1083.8254061699884,1074.4238815648698,1068.8274001294994,1088.3502599615947,-713.9278212278113,-276.64067725243206,-80.45461835984537,88.78394129805089,158.2094189785188
48.4225,1.2140669830850663,0.0120234968095552,0.2269115462632082,0.0386014181315152,-0.0303645981560059,0.0287158556655119,0.0074577651422086,-0.0068719153195507,0.0388878862418323,0.9991919227831424,0.0715971254019436,-0.031716819337839,9.055088519076449,0.0080715594085594,0.0530499846029849,-0.762282594946233,4.262789302004458,-0.6608197057166714,1.847376737797204,1082.3089228682832,1073.8257535383084,1068.4598849437923,1088.340524426376,-512.8689805099489,-220.65301602367603,-202.1158311451348,-89.34367751990045,158.20987305349715
48.425,1.2914238345531812,-0.0098968129598756,0.4150661309292289,0.0436612712166479,-0.0301988814536633,0.0286940199584072,0.0075103661455263,-0.0069192706458033,0.0389550601119163,0.9991885843941924,0.0737459488563597,-0.0306771798196593,9.060333502967294,0.0079737667870089,0.0528371914168786,-0.7640708462400088,4.262827737488873,-0.6606530224146852,1.8454766410974393,1081.2610612674375,1073.3206164847509,1067.8168209737732,1087.9035415739952,-309.7536371904205,-181.822876000522,-281.90802378775646,-240.36348472970053,158.2103118520435
48.4275,1.2351660809242673,-0.0224707226259101,0.6231075900638344,0.0481274398551677,-0.0301265926015905,0.0291590845034297,0.0075652344060435,-0.0069768074533741,0.0390134478787304,0.999185485008766,0.0758028422576899,-0.0294471583218072,9.064956716012736,0.007849975901683,0.0526190109914477,-0.7658477828583599,4.262868011805907,-0.6604860161586633,1.843572506636702,1080.7601546823305,1072.916639158305,1067.050344824853,1087.1387070027267,-50.32075506978828,-132.4356829007524,-302.68552218190297,-369.4039369395063,158.21073931227545
48.43,1.049586159491481,-0.0193624927636862,0.8295583104271192,0.051142376490554,-0.0301450165866193,0.0305382450459641,0.0076242030999062,-0.0070397050209996,0.0390606544235535,0.9991827394116068,0.0776956545692781,-0.0279948458880985,9.068913131009936,0.0077034440155074,0.0523950183955173,-0.7676166991048277,4.26290967959332,-0.6603200029375424,1.8416627188275756,1081.0094574920888,1072.6584380702477,1066.303393362865,1086.0565218892991,276.482825288253,-75.64769624519381,-278.3948122107116,-521.8713598851141,158.21115542885175
48.4325,0.733806404321267,0.0095314372952485,1.0320740157172252,0.0532292643469965,-0.0302215253523813,0.0334519660381342,0.0076909654858642,-0.0071024738573137,0.0390975834792672,0.9991803263207146,0.0793482873198623,-0.0262625477459908,9.072171705704289,0.0075398007691299,0.052162275102836,-0.769380352686573,4.262952952384599,-0.6601560491829332,1.839745802307148,1082.1425688087725,1072.5384006770792,1065.6583707637988,1084.5293502033,530.8531502452764,-11.2312441352912,-166.60523316659808,-576.6714584668769,158.2116455780273
48.435,0.4334593506400195,0.059641160832014,1.1302800236817812,0.0539328833512392,-0.0302763207866759,0.0369297765025618,0.0077675890122477,-0.0071612280557533,0.0391253500369226,0.9991782183581052,0.080716825197632,-0.0242312484821318,9.074715260693413,0.0073636237530309,0.0519206765645045,-0.771140915533015,4.262996889622205,-0.6599950659501403,1.8378213899147249,1083.6637232433163,1072.6022818495712,1065.4703671970317,1083.1731645969635,686.4879180492485,57.333574950605296,15.695875765337128,-538.5313782508897,158.2120498965103
48.4375,0.1330234900192793,0.1413579081419699,1.12538579121542,0.0537785514288836,-0.0302283340161783,0.0410489602345387,0.0078467173729165,-0.0072149889302789,0.0391454647707196,0.999176422849218,0.0818051504787721,-0.022062529474014,9.07654157446858,0.0071770399011807,0.0516847406043505,-0.7728996012183222,4.263040554848469,-0.6598374268429325,1.8358904931822384,1085.5750083990156,1072.825068551832,1065.7368501426251,1081.836693312048,878.1142042838638,126.31490872265776,218.50708245994477,-568.1917467033766,158.21245489539524
48.44,-0.1991110033576802,0.2778927500376592,0.9901206054686096,0.0528887127954794,-0.0299005538724259,0.0455628889035087,0.0079210218543062,-0.0072610665855718,0.0391630096584087,0.9991748178276548,0.0825856153317102,-0.0199231722981186,9.077661691781488,0.0069866246932303,0.0514683453591807,-0.7746579850770658,4.263083236398632,-0.6596823176019966,1.8339552624651791,1088.0542942647319,1073.233856393184,1066.5629026093304,1080.3322058634492,904.936062337757,163.7966154517543,369.0033772122592,-529.7667668429331,158.21294843303525
48.4425,-0.441721774392124,0.4222483964314792,0.7807354550897814,0.0516366636943727,-0.0292711685980544,0.0483355517407135,0.0079900365580248,-0.0072983956141438,0.0391868490267124,0.999173065009026,0.0830620425073519,-0.0178619246760788,9.078096884925191,0.0067977560042435,0.051273931683883,-0.7764188926337943,4.263124327532305,-0.6595282008551691,1.8320168859878347,1090.0996887107067,1073.644051629091,1067.5818670286876,1079.187859477832,780.5754350277409,164.93184329565995,443.2354662148106,-431.74979093901777,158.21337151933457
48.445,-0.646094268913093,0.593242622157858,0.4997860286099284,0.0501243493134721,-0.0281332624294435,0.0499086931967485,0.0080510260381039,-0.0073243994210586,0.0392213791541621,0.9991710313490682,0.0832034524550932,-0.0159702671626554,9.077880766769725,0.0066188814531068,0.0511063811466876,-0.7781853141261332,4.263162712856292,-0.6593742717505519,1.8300765669879848,1091.9571714398724,1074.0585156096627,1068.7790799404056,1078.1734569087528,746.8054180407277,168.44611749526706,527.7658063786273,-410.3403004670875,158.21381356740727
48.4475,-0.8512430904483546,0.820519597915584,0.1207129777334262,0.0482902284047908,-0.0261619818383494,0.0505370845523318,0.0081015815089582,-0.0073395348891207,0.0392660309089015,0.9991687552855488,0.0830266722282988,-0.0143364043461374,9.077056712352691,0.0064539511704928,0.0509692389263357,-0.7799604223520785,4.263197195471945,-0.6592202147969168,1.8281353386666608,1093.8337158009067,1074.4862822165667,1070.2206960605783,1077.1361579754985,615.5062882019627,137.111213971796,505.98317381069626,-341.7856532883049,158.21437285476776
48.45,-0.9912472494462672,1.0211529879271832,-0.201464879645165,0.0466294774477785,-0.0241914049666913,0.0501250027304856,0.0081433490078909,-0.0073501474516726,0.0393213352816534,0.9991661576771868,0.0826504540362169,-0.0129781008189681,9.07567504362859,0.0062979168394911,0.0508589636911527,-0.7817475235628714,4.2632274662859935,-0.6590653713874474,1.82619270971997,1095.034702880884,1074.744071679522,1071.3089958094604,1076.4645286423104,392.17190379597866,78.66358571637261,395.00323573322726,-213.19952003780605,158.21486722513825
48.4525,-1.0954617870634793,1.2229493545781636,-0.5009310925859498,0.0444097738334998,-0.0220795673969216,0.0488243004255373,0.0081806685803553,-0.0073637309683632,0.0393875880845294,0.9991631373336456,0.082208136317304,-0.0118619387881896,9.073792930115133,0.006143430767729,0.0507668770664732,-0.7835493783024698,4.263254839932396,-0.6589091437143625,1.8242472122857856,1095.7945753198878,1074.8796001451487,1072.1957122392455,1076.070160375309,222.0261441376552,37.19469600063093,316.0110451003365,-98.8341349298924,158.21539515002283
48.455,-1.1620573891349784,1.4132426422757431,-0.7646271993996216,0.0416538781801733,-0.0197099507485737,0.0468463173020161,0.0082176487911195,-0.0073796850902929,0.039458910848476,0.9991598948495412,0.0816778333618861,-0.0109475848248598,9.07147551110725,0.0059943544293633,0.0506835057041364,-0.7853674803934108,4.263280522705764,-0.6587506726317996,1.8222964288140648,1096.1448336015712,1074.9300451595248,1072.8890510349606,1075.9703579676616,31.572415770672016,13.066662031899476,228.2907116750008,42.48596404088503,158.21595333819442
48.4575,-1.1721079033775363,1.5646137804132627,-0.9717853848768888,0.0383800972619326,-0.0166133810574721,0.044280819691524,0.0082564878929888,-0.0073960159293901,0.0395304781404224,0.999156617223596,0.0810049464903064,-0.0102223026314921,9.068793187432073,0.005855997840871,0.0506017621855782,-0.7872019077084694,4.263305149966901,-0.6585896665058363,1.8203375708704816,1095.9524373987413,1074.9449334553083,1073.337165797621,1076.2825901955134,-218.7685378479973,26.545176857357607,135.26552508617343,234.89907685104103,158.21655013530045
48.46,-1.1103666004799146,1.6574714396441883,-1.1469483804200045,0.0340291028557737,-0.0116211935150694,0.0411374063770524,0.0082965042377834,-0.0074113055617203,0.0396010196284701,0.9991533716528516,0.0801393929127441,-0.0097191849307103,9.065819865196058,0.0057322271518895,0.0505189343367502,-0.7890515534789899,4.26332915368156,-0.6584269472026159,1.8183703715316428,1095.0509909123307,1075.0627710438118,1073.5653786603918,1077.1448533519172,-442.3672955490405,84.59015406395756,24.63141602645431,388.2982534806964,158.21731259580537
48.4625,-1.0010869146797912,1.6277606103664397,-1.229726737878386,0.0306010261800335,-0.0064936862143446,0.0386166597723856,0.0083407051555812,-0.0074250555766078,0.0396690151058949,0.999150199823636,0.0790484201164136,-0.0093975672493158,9.062629751806249,0.005623990602394,0.0504267897143995,-0.7909153092843912,4.263353535859508,-0.6582631917171563,1.8163961873476528,1093.740600920998,1075.3678842256277,1073.4603228777532,1078.2240814629151,-627.9187381124273,191.781176918532,-114.25911881814112,484.56312697060406,158.21798702808312
48.465,-0.8512089240319669,1.4600910292042564,-1.242651354694486,0.0280201448175673,-0.0010449718136053,0.0358005467540172,0.0083860034051605,-0.0074362580980112,0.0397316176535098,0.9991472517049562,0.07768612351471,-0.0093192034333564,9.059299172966558,0.0055320815904189,0.0503271555625727,-0.7927915293929609,4.263378582829774,-0.6580986909884506,1.81441560668555,1091.9113972217667,1076.0216769284048,1072.9940830663008,1079.5676689867717,-891.042136915347,384.90652054982405,-296.01014954331134,618.0445612926654,158.21870179161775
48.4675,-0.6602779829088027,1.099663780704244,-1.1679683345732184,0.0262744937426057,0.0048809840978811,0.0319101331605165,0.0084237988759855,-0.0074426878961251,0.0397871167785866,0.9991446849470244,0.0759839509758402,-0.0096376460382009,9.055905735215779,0.0054586270765584,0.0502311353970422,-0.7946784227149374,4.263404682228491,-0.657933830909877,1.8124294005172177,1089.285390236419,1077.2924168283776,1071.980272130036,1081.31430426938,-998.3345056305081,543.5382569331464,-443.3971129432788,636.1120956988417,158.2196052054265
48.47,-0.5183568423360134,0.6924999030139039,-1.0251999010877888,0.0257258333615188,0.0082554912909465,0.0283211477303669,0.0084530974419836,-0.0074444136091246,0.0398358114598872,0.9991424943581008,0.07392632348415,-0.0103640275881046,9.052523459780168,0.0054009464936046,0.0501386070671736,-0.7965755985220908,4.263432339073598,-0.657768694635552,1.8104394369327488,1086.9197246936187,1078.7393682130682,1070.7770975015865,1082.7482294652627,-932.1591566113289,634.6336833802006,-535.3023006991851,539.5494748515798,158.22039503606518
48.4725,-0.4155209954731853,0.2307772401713827,-0.8033664133601656,0.0255349969170246,0.0090401854208009,0.0248174939894115,0.008476336684371,-0.0074373387761606,0.0398825572216654,0.9991404952375476,0.0714332713855677,-0.0114392544629064,9.04922472279467,0.0053625730812636,0.0500443120977603,-0.7984835939384657,4.263461432803391,-0.6576035598173772,1.8084467992360755,1084.62459445336,1080.4655852452804,1069.3037606265386,1084.012051643639,-936.4609944964496,774.9363142179518,-668.3475559807212,489.15222944567614,158.22122145239337
48.475,-0.3433268786867413,-0.3116319090982513,-0.4750858611755177,0.0252853656793529,0.0074462510354839,0.0216846958778853,0.0084966329640535,-0.0074164382835705,0.0399276265110407,0.9991386882236232,0.0684179550807605,-0.0127866570236242,9.046079817939864,0.0053475249136278,0.0499426169973899,-0.8004034102322385,4.263490736244817,-0.6574387642451857,1.8064508309452687,1082.2374197211343,1082.61404978416,1067.4353597216812,1085.1939906124924,-781.3606508151056,758.5345444878917,-662.8824651758922,362.996998170468,158.2222527216069
48.4775,-0.3189894516170508,-0.710123565489049,-0.1882714830621532,0.0247887292976786,0.005025481485502,0.0207417270644667,0.0085167135750032,-0.0073838162689888,0.0399701304849805,0.999137070186387,0.0649333515456653,-0.0143385326486015,9.043155151036464,0.005348007059962,0.0498296201255531,-0.8023362035193669,4.263519988591256,-0.6572747909398309,1.8044513299495233,1080.717791199288,1084.2582579677164,1065.989348300662,1085.82703663449,-488.2068175587168,580.2892748413557,-507.4673630673392,170.0051147131984,158.2231426758182
48.48,-0.31547270311288,-1.021758711336471,0.056405223092973,0.0239672897413637,0.002262595645779,0.0218044907091771,0.0085354082095026,-0.0073481416819907,0.0400125228111427,0.9991354865528198,0.0611606239466145,-0.016100393444884,9.040513713104271,0.0053459645322841,0.0497085791151669,-0.8042826991654374,4.263550127581793,-0.6571127488515898,1.8024492610211211,1079.7963856333395,1085.5154961583683,1064.8980229063432,1086.044016186059,-267.1436968769283,412.6844896793208,-346.78744361313414,16.630465715107352,158.2240609735073
48.4825,-0.3153522031333448,-1.2503362390062576,0.2301560588737161,0.0230319563259135,-0.0006875892561785,0.023830945590273,0.0085553151596604,-0.0073172071561312,0.0400554506003642,0.999133830683153,0.0572798215964023,-0.018007550616793,9.03821366600001,0.0053239253022047,0.0495770924038588,-0.8062436185571077,4.263581341637224,-0.6569525592344553,1.8004450408361607,1079.3820727149027,1086.321680416114,1064.2554110825956,1085.9101889630656,-56.19746431576113,200.07639192431276,-124.391510644204,-129.8376601613016,158.22499987654507
48.485,-0.3044715342767934,-1.3725677424896168,0.2964730513575543,0.0219942810111329,-0.0040207954316496,0.0260261075784037,0.0085784541797178,-0.0072985085647638,0.0400988496403577,0.9991320340271792,0.0534770461904046,-0.0200048357395323,9.036308238607944,0.0052646298876199,0.0494337987310097,-0.8082188789008354,4.263614204498955,-0.6567937992128943,1.7984375537688435,1079.5153983117607,1086.515878117989,1064.2760653531227,1085.394827885253,156.02296748489812,-47.067390903269846,171.42764136492912,-291.1278751163411,158.22595982807314
48.4875,-0.2647591084749151,-1.3924956402338067,0.2550029796344414,0.0206046305441854,-0.0085097769866503,0.0280749802717341,0.0086014222258386,-0.0072998606481073,0.0401422985853993,0.9991300866813568,0.0499511186165136,-0.0221348741737805,9.034845487897037,0.0051506200345665,0.0492860222961886,-0.8102067959747729,4.263649426579594,-0.6566361915919072,1.7964252344858784,1080.1621875523276,1086.0863434615976,1065.1125492894207,1084.4545495874831,293.15634558646263,-244.32471049168504,431.08012361872846,-373.68563919666474,158.2271313467294
48.49,-0.2046157156342923,-1.3049812494184179,0.1400365352692271,0.0195065714843148,-0.0122873635200405,0.0289758429267264,0.0086176097105735,-0.0073216330246497,0.0401839844421543,0.9991281141015436,0.0467732348967227,-0.0244924439292057,9.03386745054368,0.0049768844330562,0.0491456062881105,-0.8122041223712361,4.263686950856975,-0.6564792885189958,1.7944065811764836,1080.981180039694,1085.2942545655299,1066.4314659712174,1083.5263996892688,356.19518010713017,-367.0170559214212,625.3398779587545,-368.7530522660552,158.22812071649815
48.4925,-0.1190692475018502,-1.1192474424938323,-0.0220562168794902,0.0187890612341511,-0.0155489471532051,0.0289198620004245,0.008626109493209,-0.0073589310903299,0.0402242368784703,0.99912614431512,0.0439307846243884,-0.0270651609005615,9.03340624985784,0.0047476441215921,0.0490143970366731,-0.814207046602282,4.2637267457444565,-0.6563223256149234,1.7923801472050964,1081.9431634528617,1084.251258181992,1068.2392486792116,1082.6107843261543,424.7456423765571,-469.3554563273992,856.9258214263918,-365.7558038480095,158.22912017659323
48.495,0.0007989208902971,-0.8038379390464508,-0.2266318491923517,0.0186632385529161,-0.0185600407490797,0.027817614447282,0.0086261888108413,-0.0074049068006657,0.0402623021651563,0.9991242638575184,0.0413798143703936,-0.029835354863716,9.033484003435385,0.0044714496981578,0.0488933768209732,-0.8162109899930217,4.263768557648304,-0.6561649471060855,1.7903449938931055,1083.1049082515779,1082.9474772838917,1070.7160950783516,1081.6976206700278,406.0228829609256,-458.7307323328258,918.5850665703884,-284.6052001288989,158.23032751651635
48.4975,0.1040854549672961,-0.4833150680344084,-0.378861515239441,0.0190681830839128,-0.0202023299709672,0.026228811450088,0.0086152354418379,-0.0074525825939727,0.0402960306861478,0.9991226344426806,0.0390728838647033,-0.0328181298431097,9.034112562813794,0.0041587189940081,0.0487861612038023,-0.8182109203781374,4.263811653981077,-0.6560074604233708,1.7883008936853075,1083.973277867667,1081.9576045203269,1072.832174012066,1081.187758325509,304.30531120660294,-354.7013581586768,812.2603829395869,-137.89988371798964,158.23133786486972
48.5,0.2006758511940025,-0.1282790385025551,-0.4931045712073674,0.0197130987906204,-0.0209825567515163,0.0243823880592575,0.008593611574957,-0.0074940129689865,0.0403212140939436,0.9991214831778173,0.0369435528883064,-0.0359727862675465,9.035292612502408,0.0038230218662407,0.0486910727422452,-0.8202024039780075,4.263854595802272,-0.6558500607053462,1.7862490951283636,1084.6264348076095,1081.1739704931,1074.7773969930458,1081.0081212514383,218.607971731643,-286.7566244433299,776.0593317084622,0.6709487498034566,158.23235001445076
48.5025,0.3028397881737176,0.3066130324767599,-0.5818206434774795,0.0205501268872082,-0.0209629888038545,0.0223987039406401,0.0085629409884033,-0.0075182651182329,0.040336164088178,0.9991209468583993,0.0348649773738383,-0.039231939919557,9.037014921450867,0.0034851865412514,0.0486036916244728,-0.8221819396935436,4.263895796043672,-0.6556925999594088,1.7841909754872252,1085.0663177263243,1080.5238213981115,1076.7124706706047,1081.1911130692583,97.66635032278377,-188.4106865102185,624.2031235989988,128.22920881174275,158.23356403544267
48.505,0.3747399193926456,0.6517701944401145,-0.6203444347654419,0.0212614630298983,-0.0200797391711084,0.0210973871362101,0.0085309109230485,-0.0075197325026122,0.040340757911647,0.999121006901369,0.0327996440629043,-0.0424205956633516,9.039259377150755,0.0031591794803213,0.0485095433487438,-0.8241477712627157,4.263933765380888,-0.6555350668966365,1.7821277534985769,1085.1147665592237,1080.2319170605483,1077.8984126110424,1081.6492672954976,-42.80256800973432,-65.57294629147974,376.81754981434824,233.19868959499107,158.23457347901862
48.5075,0.4308631297867137,0.9462130643816477,-0.6299003382984216,0.0221554344964064,-0.0180977211173015,0.0200345041720169,0.0085055463737842,-0.0074968110427469,0.0403342091743642,0.9991216409753892,0.030767976812494,-0.0453585538608235,9.041997784027677,0.0028540373053669,0.04839348126162,-0.8260994110523228,4.263967185462817,-0.6553771478374398,1.7800611099222343,1084.8523048862755,1080.195956666654,1078.5965584196774,1082.357106517234,-145.5527403912543,27.382947539742766,200.5996421274636,309.9783737904636,158.2355784339619
48.51,0.4713679454379859,1.1727800384443228,-0.6179602823976335,0.0232919873089937,-0.0150586640400887,0.0189506461482131,0.0084934408447666,-0.007454288454531,0.040315901145661,0.9991227843096698,0.0288879003567688,-0.0478944060378847,9.04519531408312,0.0025695714891644,0.0482428941559592,-0.8280373543779374,4.2639951838481025,-0.6552183279597263,1.777991365189522,1084.387002857268,1080.368831798247,1078.9014108216788,1083.1991591644485,-214.9699729995783,118.12251276481544,37.456292666028205,346.83627511845305,158.23657795195444
48.5125,0.4899184884072383,1.2908332857157943,-0.5769254864504247,0.0245920016049353,-0.0108230144278487,0.0175739731516279,0.0085058820811233,-0.0074041382628155,0.0402907884080685,0.9991240508359884,0.0273925352997231,-0.0497958731629061,9.048810557931734,0.0022944777457124,0.0480377637963324,-0.8299634132941405,4.264017194439164,-0.655057697937367,1.775918228959419,1083.777455021277,1080.7865692304783,1078.7838398830077,1084.091287892827,-272.04613525240984,234.6236474898142,-131.01964193931627,371.7631311823342,158.23756870976868
48.515,0.4849163895685295,1.2911712474473926,-0.48603613096006,0.0260280774523592,-0.0051358245580722,0.0154268445356702,0.0085505848515576,-0.0073553153902665,0.0402652544657176,0.9991250500906196,0.026439243368186,-0.050892796466708,9.052799171099357,0.0020225275769561,0.0477640643051782,-0.831879623634542,4.264033797230744,-0.6548950000237272,1.773842060408454,1083.0267721810053,1081.5419500356963,1078.246312611982,1085.057974820361,-257.2619789412849,310.3460537014238,-248.60304845415027,314.58291761356537,158.2387444742753
48.5175,0.457909832799589,1.1827025192252831,-0.3730654475112742,0.0270728729668469,-0.0008238890388486,0.0134042106729354,0.0086229312084472,-0.0073147293531758,0.0402444061877721,0.9991255613311248,0.0261214712957672,-0.0512379690222473,9.05711573842169,0.0017505934435384,0.0474289444537562,-0.8337871444702756,4.264046334542286,-0.6547315448611337,1.7717638696654028,1082.491145126572,1082.338299498984,1077.540824640738,1085.6642024808934,-174.4024828983601,337.02195499032354,-318.47053194139414,181.46371684519903,158.23971099684388
48.52,0.4066433950585951,0.9970138812210622,-0.2309427552914595,0.0281669211330493,0.0020165408451111,0.0118882376466932,0.0087140887544208,-0.0072868087680141,0.0402325877795925,0.9991254497585548,0.0264685547389035,-0.0509619925025463,9.061712505374883,0.0014783491406399,0.0470476835845582,-0.8356867138377755,4.264056687754281,-0.6545691159534868,1.7696838577524372,1082.154759766513,1083.227059810649,1076.653959952274,1085.9652934045876,-87.74500710033011,390.51207055084006,-412.01243393176645,54.70951012932276,158.2406608038193
48.5225,0.3164054538985342,0.7428587317509767,-0.0562889284605389,0.0296355182232778,0.0035072952240399,0.0115054848637467,0.0088163965911041,-0.0072688650886404,0.0402342624608267,0.9991246179866666,0.027368207409411,-0.0501742750085081,9.066538900438456,0.0012154397889523,0.0466345178563299,-0.8375787661445732,4.264066211607777,-0.6544092208690399,1.7676011287158204,1082.05242009107,1084.2908598517392,1075.480762471078,1085.93775003154,13.710775670837128,375.53745008492626,-432.23631727563065,-68.47162191694994,158.241777648834
48.525,0.2198010202484369,0.5429971501350577,0.0656568681978733,0.0308523805642844,0.0036424715544409,0.0122627526764829,0.0089212298993598,-0.0072601719444867,0.0402497922027428,0.999123130661584,0.0287323868730938,-0.0490100799843754,9.07154069757338,0.000965939061152,0.0462067048152616,-0.8394628585561856,4.264076304718604,-0.6542525874041246,1.7655148705945563,1082.2233136448672,1085.104747061072,1074.492778365898,1085.6229352950031,111.89230938961104,301.1176343819267,-375.4090544747567,-167.7206409574916,158.24268648945784
48.5275,0.1117176242368277,0.3818440509534903,0.1375647142456624,0.0316850548546131,0.0033234700857231,0.0136753540494639,0.0090202823021731,-0.0072594837765574,0.0402784155621861,0.9991211017201674,0.0304569850746048,-0.0476068015335003,9.07665958265442,0.0007327740548692,0.0457818229907914,-0.8413375297516416,4.264088202973251,-0.6540990378841611,1.7634253834498228,1082.6118816380183,1085.7964480236496,1073.6037171987034,1085.0991468267523,200.82990235244964,277.2273655360041,-340.92546996012805,-249.8637566351221,158.24356917772576
48.53,-0.0082759016292703,0.2341350008787267,0.1565128914169383,0.0317787868461576,0.0032793202555722,0.0155033464748711,0.0091052381235368,-0.0072608467594997,0.040319641279323,0.9991186686247384,0.0323492578117628,-0.0461077721874039,9.081833187933341,0.0005251914900441,0.0453776086038337,-0.8432000745381443,4.264102239625135,-0.6539480211149291,1.761331689369882,1083.22746315663,1086.4908838887527,1072.7881510160964,1084.3736165118269,233.67928706787433,238.41739653988807,-239.34512778377152,-261.4996765747141,158.24459394370297
48.5325,-0.080565540449177,0.1345358569844894,0.1256208158103661,0.0311047610835517,0.0038739898733774,0.0167225527679371,0.0091741030900225,-0.0072647146847638,0.0403709375241372,0.9991159475545656,0.0343375965277714,-0.0445559430897454,9.086992202593082,0.000339742716777,0.0450016790083562,-0.8450469698995818,4.264118471534581,-0.6537991914084561,1.7592311842154644,1083.7802780733568,1086.988535006348,1072.4069915597856,1083.79164844388,211.28985775570175,189.94879366923047,-77.57874738636596,-209.19328839511977,158.24541597192425
48.535,-0.1058347270915972,0.0368856403941469,0.0745212229637519,0.0301770904424274,0.005087552556822,0.0171375514635909,0.0092271104448599,-0.0072722084421093,0.0404256692549764,0.9991131966159364,0.0363677344944942,-0.0429637410223139,9.092061658748916,0.0001703112638422,0.0446576737141452,-0.8468736367647846,4.264136771522145,-0.6536521401898446,1.757121634819722,1084.2839124454088,1087.4406278570991,1072.4002572791644,1083.3276500698507,195.53414448650076,189.76232359031496,83.55349875842238,-166.08326847527368,158.24620081897217
48.5375,-0.0738608407587729,-0.0917359393380678,0.0335459061622287,0.0292960931351237,0.0065895093235858,0.0164509303943003,0.0092638860089519,-0.0072795275176572,0.0404786963757041,0.9991106557919625,0.0383019906639277,-0.0413598507283128,9.096962754682608,1.870967970919821e-05,0.0443493161656607,-0.8486747036058482,4.264156358131374,-0.6535057918139204,1.7550016988625683,1084.7579487957898,1087.9373466243,1072.824759053578,1082.9612321015031,146.89773952481747,168.93675977423203,217.9791915200603,-102.17994104250664,158.24709475603487
48.54,0.0020535214234592,-0.2018820551304134,0.0445596758256803,0.0288105741005398,0.0071545190285986,0.0150429403729202,0.0092881420091239,-0.0072873017008223,0.0405267522200522,0.9991084213360792,0.0400948021430698,-0.0397099269618269,9.101612117610776,-0.0001211281856407,0.0440729500753888,-0.8504451797706155,4.26417689267718,-0.6533590763251295,1.7528705268188791,1085.0184011430324,1088.2853116559695,1073.4901532367635,1082.8167503646387,76.96871923336103,114.57044173329044,310.6768421884001,-30.01400493529501,158.24779608143317
48.5425,0.1184877594928719,-0.2886641182937678,0.1176179532567132,0.0285623727962401,0.006346584764128,0.0134316228107087,0.0093059387199324,-0.0072976448980642,0.0405668543371394,0.9991065473941144,0.0417395804381618,-0.0379447927699382,9.105924666970145,-0.0002580491593635,0.0438202636907582,-0.8521812550345568,4.264198735694085,-0.6532119160947518,1.7507290882511615,1085.1427923919568,1088.5101988329668,1074.3781432645208,1082.8111620768263,32.209193357613806,62.16648146034007,373.1790044033824,14.670383282911414,158.24844752432983
48.545,0.2556618061070122,-0.3311237816706413,0.2329604852815438,0.0285966920188598,0.0046286176696355,0.0125510777813114,0.0093242432328739,-0.0073089083115436,0.0405958137847011,0.999105113942984,0.0431730878154002,-0.0359813963840208,9.109817665541833,-0.0003945017554071,0.0435804450959648,-0.8538811279319717,4.264221841637307,-0.6530648495554853,1.7485807543539187,1085.1794471098203,1088.5961440632716,1075.3560482587816,1082.8901022810533,2.4873648100333297,-2.7251266748887475,388.84559081065055,44.96158503665807,158.2490542091622
48.5475,0.3963232381780611,-0.2987718389367483,0.3651746647173996,0.0291630069351333,0.002687303005137,0.0133730341432011,0.0093549828823617,-0.0073254376797958,0.0406125028514138,0.9991040253981592,0.0444563937365473,-0.0336547796305503,9.113212198127377,-0.000542973343669,0.0433339622027661,-0.855545963365605,4.264246196694726,-0.6529176327100441,1.7464281039902412,1085.155229216007,1088.4965731995924,1076.3223712185722,1083.0359700020097,-14.380906131138463,-82.17124770563149,395.26482170561184,71.94658219092119,158.24960327789563
48.55,0.5355906041437094,-0.1672696606426991,0.4894462780722272,0.0305707772784164,0.0008212023631762,0.0158956993123699,0.0094027250658151,-0.0073492741840246,0.0406193022335816,0.9991031289090861,0.045614582756547,-0.0309348603025608,9.116040932269664,-0.000710650536797,0.0430730661564522,-0.8571790811464338,4.26427122485993,-0.6527700803864669,1.744273538689394,1085.1075425791648,1088.1852878247432,1077.3323723673107,1083.249835192008,-17.179559171509332,-136.536252281415,330.95592841847406,79.68377681245798,158.25019159289835
48.5525,0.6013818343591237,0.0088110776019466,0.5334026424031805,0.0323972796837973,-0.0001150866756925,0.018480421824827,0.0094617815502609,-0.0073772848156231,0.0406185526577053,0.9991024046495948,0.046581316932546,-0.0279758345330131,9.118253398088257,-0.0008944239585162,0.0428068122830981,-0.8587855879555251,4.264296810004803,-0.6526225700791182,1.7421191389313346,1085.0693314201494,1087.8138919381847,1077.9771508606655,1083.434388886072,-17.714822311079583,-154.93415943442864,207.74221679572088,69.79126522916867,158.2506207014413
48.555,0.5889394732668692,0.2268601900838643,0.4992513774689896,0.0348759345884801,-0.0002670666000644,0.0209568400768919,0.0095258078195517,-0.0074024370375298,0.0406122145142438,0.9991018848687888,0.0472279040256076,-0.0249409007805272,9.119817474139364,-0.0010835561006678,0.0425448831856362,-0.8603727372037933,4.264322587838776,-0.6524754090405067,1.7399662434802539,1085.0189684676095,1087.4106170275716,1078.3710834512883,1083.5987915181536,-33.89259133662648,-161.8972083526923,114.9918053426839,65.54966888935553,158.2509841702944
48.5575,0.4696130612312575,0.4932909474075459,0.3767076725090673,0.0381427084110031,0.000612304637084,0.0233570379696606,0.0095881265205218,-0.0074137567900059,0.0406046955541389,0.9991015326373812,0.0473615576314166,-0.0219949081795358,9.12072212244251,-0.0012591921961862,0.0422970329196765,-0.8619492392057376,4.2643473991855805,-0.6523290677202295,1.7378148109559903,1084.899868463466,1087.004405896421,1078.5521098873792,1083.762137230519,-58.80697762437824,-119.66170959670552,24.57667351931029,57.63330219239613,158.2513427400274
48.56,0.2906554148339651,0.6833171900131826,0.2284485204272759,0.0402861844627995,0.0023555678105394,0.0244837368988141,0.0096447863924087,-0.0074106267789589,0.0406010851123394,0.9991011786259684,0.0469867958740419,-0.0192577818443943,9.120976204534086,-0.001419369669432,0.0420688137539229,-0.8635246164091918,4.264370710340486,-0.6521836039085614,1.7356633971987578,1084.7249335794875,1086.812308479588,1078.4939668188847,1083.8869580291157,-83.87512483635315,-30.68897790047293,-50.75487514232078,58.09396978584854,158.25157617160025
48.5625,0.0602651701222901,0.7993312030781669,0.0693622699878687,0.0408682217439663,0.0052044884502135,0.0243511656967058,0.0096954135081846,-0.0073956520161878,0.0406050912409165,0.9991006525285432,0.0461744616516905,-0.0167824266409528,9.120609705263325,-0.0015672542174355,0.0418595331465613,-0.865108566241896,4.264391944153815,-0.6520392227983622,1.7335114138540475,1084.4804928392848,1086.8509610069189,1078.2983355116678,1084.052607079448,-106.30323329165212,79.8645150041283,-93.50958293584291,98.94850251607654,158.25174151057087
48.565,-0.2250961226732546,0.820912995723719,-0.0921107042991526,0.0398662367208136,0.009526055793529,0.0230657079609211,0.0097413828382786,-0.0073686456122906,0.0406187886434484,0.9990998558028004,0.0449492825225736,-0.0145825751981332,9.119674240923016,-0.00170090228363,0.0416648768766849,-0.8667102421006505,4.2644102962554085,-0.6518951323292088,1.7313586949203508,1084.1934174130297,1087.2116310546082,1078.026418904206,1084.3817005416956,-82.65433622882802,184.18086604364944,-88.67857582131374,152.8428299203952,158.25186143873418
48.5675,-0.436742012324682,0.7366713090727138,-0.1822724184272548,0.0382053410722475,0.0130699808358284,0.0216475136556305,0.009784832398826,-0.0073337887602095,0.0406421604074194,0.9990987371495652,0.0434184140962581,-0.0126553107069218,9.118240311194496,-0.001825922646587,0.0414790895624115,-0.8683375957494954,4.26442610637706,-0.651749756354502,1.7292048810332588,1084.0672211581405,1087.7718653371376,1077.854942632561,1084.8168212290504,2.2017492122347555,269.4995841937711,-42.74688109160338,213.03880804596716,158.2518959631319
48.57,-0.5942464296701374,0.5691303735135776,-0.2206541069439569,0.0361352661598973,0.0154252326951282,0.0204311531476511,0.0098282033751812,-0.0072967771988421,0.0406743353210377,0.9990972675082128,0.0417182586256081,-0.0109868890295437,9.116394849937876,-0.0019507550454218,0.0412957021643091,-0.8699968761122799,4.26444049668045,-0.6516022101098254,1.727049268086238,1084.2044261590909,1088.5591289755776,1077.812684498748,1085.446894581926,115.94959981213464,342.1519807650312,8.30803412419146,282.28476452635033,158.25186195864043
48.5725,-0.6975036400270085,0.3656742219761229,-0.2235685340392725,0.0338165796614836,0.0164242795748696,0.0196317985496987,0.0098746373357089,-0.007260610217522,0.0407134603177106,0.999095471278238,0.03993745264251,-0.0095422196816814,9.114237817517074,-0.0020796353375606,0.0411068484402404,-0.8716922865862549,4.2644532083993045,-0.6514526550462101,1.724891257478811,1084.6469691572006,1089.4826252409612,1077.896482803182,1086.2282450516807,257.7777325636407,387.6253697889133,59.73100095208465,340.50256244609807,158.25177017922024
48.575,-0.7362466113700906,0.1639910047211138,-0.2002492901038826,0.0316142310262566,0.0159242393622817,0.0194076404911654,0.009923437507852,-0.0072318577552639,0.0407590990631148,0.9990933276345806,0.0382276400632486,-0.0083523128682551,9.111878050792948,-0.0022230782793055,0.0409119496756005,-0.8734252673613577,4.264464881739543,-0.6513021837081249,1.722729051840776,1085.4933148219095,1090.497255824523,1078.1113395035084,1087.1494073941572,451.8183500299036,448.834203458498,111.84223171097717,422.7758044914137,158.25160700783442
48.5775,-0.7212081186372538,-0.0312649038542889,-0.1625028073706072,0.0296667208038995,0.0143683529175944,0.0193106715039606,0.0099728308701189,-0.0072135720118976,0.0408105179674004,0.999090864723805,0.036676233323191,-0.0074590000011031,9.10942867630616,-0.0023860254400789,0.0407127280012577,-0.875194662245239,4.264476833128536,-0.65115190593791,1.7205598574053855,1086.9060609073513,1091.7267962582548,1078.455693961737,1088.342124074139,558.1665584658896,440.7326165201,129.80460101573937,440.2939636667182,158.25132570594988
48.58,-0.669395217791091,-0.1404795139547572,-0.1334058632368604,0.0286799839323159,0.0132325230846044,0.0191173592293102,0.0100179657445718,-0.0071998831853866,0.040864607261131,0.9990882995389458,0.035206601712979,-0.0069478745319167,9.107003435152553,-0.0025583769334958,0.0405164503652649,-0.8769967971639288,4.26448914827732,-0.6510029070604285,1.7183825870752227,1088.2841476142366,1092.7009189071218,1078.7603625085867,1089.3508772124887,548.844027907345,368.14140042983394,116.39612516135868,392.7463962961874,158.25101735356535
48.5825,-0.5843159389431042,-0.1968598578248435,-0.1148134359865168,0.0279441795803275,0.0130591165726398,0.0190597906963429,0.0100540742945857,-0.0071884164662024,0.0409152459906539,0.9990859467374966,0.0338067164424854,-0.0069005487908326,9.104709778171507,-0.0027368251388782,0.0403312234388419,-0.8788261035453367,4.264501947073619,-0.650855949942023,1.7161966571288925,1089.6502810468894,1093.5675032604047,1079.037674587544,1090.305856055621,541.8223079244809,349.25829894400846,114.5600525119658,390.887239327758,158.25062843256617
48.585,-0.4374954234417572,-0.2139376874701851,-0.1096041886943058,0.026796415115059,0.0132575697396149,0.0192140546353235,0.0100805741379734,-0.007178939185352,0.040957265912085,0.9990840264144732,0.0325080222793642,-0.0073196391044239,9.102644138382434,-0.0029223361321734,0.0401584175746953,-0.8806760403712633,4.26451560117974,-0.6507110401749283,1.7140022162897433,1090.9932591538604,1094.4472104018428,1079.3331627711468,1091.3053134091288,406.2680662328205,294.2138586047751,107.93713400722292,329.0881415222239,158.25006354134052
48.5875,-0.266062883183463,-0.1871985808549672,-0.1186196681917184,0.0254438191919073,0.0128379597490308,0.0193082812509452,0.0101024372130341,-0.0071704260257332,0.0409897885596875,0.9990825335666662,0.0313333617048425,-0.008102202505706,9.100888974700275,-0.0031146611851491,0.0399896595060654,-0.8825398349155147,4.26453001581968,-0.6505672827902966,1.7117994428431431,1091.6816213780517,1095.0385725534275,1079.5773602575798,1091.9512967632306,156.1282929425144,207.90950648391396,108.9454358810951,205.942246033632,158.24950725934477
48.59,-0.0314507879889379,-0.1131443313061767,-0.1340843001429735,0.0238997653539679,0.0114127588702124,0.0191614871853202,0.0101230033721446,-0.0071583422817092,0.0410117606575761,0.9990815142355954,0.0302416645367424,-0.0091688190532656,9.099513054280564,-0.0033072937687439,0.0398190403815178,-0.8844105090558638,4.264544139401409,-0.6504242193257824,1.70958926371399,1091.7739006185734,1095.4867579342629,1079.8778899505523,1092.3350246392974,-106.02110373978608,165.73644147575283,158.4930883577825,100.42987923288229,158.24885795917555
48.5925,0.319518968199028,0.0253158989829022,-0.146092463212257,0.0227698582605644,0.0093180103594671,0.0185958432993392,0.0101443745089333,-0.0071373817363953,0.0410206615660295,0.9990810901783548,0.0291775519587086,-0.0104585995568113,9.098570048378932,-0.0034923235176523,0.0396425218621502,-0.8862813791970215,4.264557199747662,-0.6502816589380584,1.7073727376426295,1091.1515158593525,1095.8672547608066,1080.3698256993691,1092.4534461593953,-337.5207250500239,113.72417561775703,207.4978610218818,-10.610020361000906,158.24796663845447
48.595,0.6497076484733305,0.1591633986428066,-0.1402967294226076,0.0233653126656868,0.0085251226000612,0.017821912239614,0.0101724422716224,-0.0071135781917671,0.0410186938120741,0.9990810628214872,0.0282951214475624,-0.0118467050058792,9.098095893536897,-0.0036816998395469,0.0394498185480493,-0.8881466892667893,4.264569817592677,-0.6501393528846541,1.7051494474059827,1090.0862969933248,1096.0553788123511,1080.915379255661,1092.2819745374925,-503.1836613307104,48.572183721237415,243.99694500072,-109.4446743121702,158.24712722294296
48.5975,0.9799905681555084,0.2628842887098752,-0.1105406503704618,0.0259396642439203,0.0098124962537954,0.0169494471075718,0.0102109100523925,-0.0070940439461334,0.0410102177965702,0.9990811607169792,0.0277656876029349,-0.0132453263995902,9.098112388029236,-0.0038890427654668,0.0392342221312927,-0.8900015321385907,4.264583255507395,-0.6499973820740302,1.7029192960714088,1088.6355975526976,1096.1101156794127,1081.5898104243731,1091.906222787834,-605.5181744029227,0.943450494514281,281.92695684710213,-165.71616238312052,158.246183923694
48.6,1.2809101953040996,0.3021418867929266,-0.0614660302663464,0.0294486698976096,0.0124309441554895,0.0163534800055707,0.0102585228766056,-0.0070837986036706,0.0409999883631914,0.9990811636303406,0.0277167848987543,-0.0146515995586798,9.098629675539064,-0.0041238808480145,0.0389973511858258,-0.8918419913512357,4.2645980388633005,-0.6498553009416062,1.7006829439084197,1087.0587061213087,1096.0600960648237,1082.3250140398973,1091.4533937255765,-608.8371439420905,-41.06031354594148,288.56306548622206,-175.09168078975117,158.24515198899164
48.6025,1.5213914590427307,0.2362046897587434,0.0031289444076187,0.0332392761224053,0.0152696223819919,0.0163801109231256,0.0103132766250922,-0.0070866288990296,0.0409945046353852,0.9990807987903012,0.0282496307505669,-0.0160716783291754,9.099646963593667,-0.0043930898701089,0.0387417958030205,-0.8936657438874946,4.264614671648825,-0.6497126836688352,1.6984421839477728,1085.59141183299,1095.9048141116834,1083.0326257518032,1091.0307643838862,-558.0189271619803,-84.59482991707085,269.3429269900193,-154.80624850494033,158.24401037829773
48.605,1.7197723113171455,0.0406777841673417,0.0862249634710539,0.0381851175791696,0.0175871835435041,0.0167835152939298,0.0103761595829995,-0.0071004273166502,0.0410007613544067,0.9990797848830392,0.0293553531107169,-0.0174493595134431,9.101154302218548,-0.004692603393537,0.0384641678128486,-0.89547251422113,4.264632986461716,-0.6495697896134321,1.6961982820398556,1084.268611485497,1095.637121915238,1083.671728674848,1090.6793624830511,-378.4331133921452,-106.33647841308645,169.49052285031453,-95.72200573474781,158.24251041590946
48.6075,1.7998153106958652,-0.1888919922827961,0.1533637329378227,0.0426201143031146,0.018134521481442,0.0172610472668375,0.010448616703048,-0.0071163771130184,0.0410202859216722,0.99907810564213,0.0308959615755677,-0.0187119046665476,9.103135635799038,-0.005005877052094,0.0381596411720154,-0.8972637828020646,4.264651752043568,-0.6494265148130359,1.6939528022096035,1083.6992462660282,1095.3731317196175,1083.8800783660552,1090.5521543552122,-98.63705041916423,-111.64084446069104,-17.58060416834049,-20.924236480842342,158.24115017641122
48.61,1.783261061432856,-0.4324726318560606,0.2139301001506836,0.04688728610502,0.017043275104329,0.0179391898476703,0.0105270927860655,-0.0071300611437488,0.0410496474057343,0.9990759680045596,0.0328004181019417,-0.0198779337476584,9.10557096518002,-0.0053229981060715,0.0378326412795324,-0.899041905375556,4.264669725041949,-0.6492830343415626,1.691707472366274,1083.775426233402,1095.0789176929352,1083.5838256540064,1090.5747413006472,174.55433326745316,-139.29712650376283,-272.3325313416779,29.554710677060367,158.23967385502485
48.6125,1.6446572654243503,-0.6732808751748193,0.2785455931380064,0.0516142164667031,0.0139836698928155,0.0188158342645296,0.0106102621616085,-0.0071417371024734,0.0410868633353768,0.9990734637867436,0.035073608514476,-0.02092662672049,9.108435985508804,-0.0056410983386992,0.0374840213539836,-0.9008100855236446,4.2646857535010545,-0.649139513837968,1.6894627549395125,1084.572017932366,1094.6766460870983,1082.518415709346,1090.6999279085976,387.6114791201252,-159.11825056869975,-510.42500106037807,50.99655906212439,158.2377670348812
48.615,1.4236977090488259,-0.792644270406046,0.3280137234818198,0.0553780236972648,0.0104529898729307,0.0194816835465988,0.0106990954520243,-0.0071501688968346,0.0411340182646525,0.9990705044435476,0.0376826681270187,-0.0217926909294321,9.111703674190297,-0.0059531756816127,0.0371105588603041,-0.9025717324045982,4.264699004395296,-0.6489959408287548,1.6872177506119337,1085.7134836290036,1094.2833264400913,1081.0317006487032,1090.829724095958,519.1446344752595,-171.24547893924614,-693.4330634314787,49.61480529805123,158.23606513788877
48.6175,1.0847186745185624,-0.8070906333012274,0.3764938373318022,0.0591337887615573,0.0070275227591291,0.0201003894267442,0.0107878424435353,-0.0071490225791457,0.041190939863032,0.9990672021544988,0.0404830508393011,-0.0225289591959834,9.115347202666959,-0.0062417254870788,0.0367210711696494,-0.9043291503990896,4.264708805876411,-0.6488527289020609,1.6849715252294744,1087.16774110474,1093.820418692403,1079.0512503921918,1090.9480019350876,668.6872560235532,-216.89260637015468,-921.2967861094346,50.81479901147888,158.23424653459284
48.62,0.540989068028975,-0.7138847585813947,0.4347400668426636,0.0636083164307953,0.0040946488627415,0.0209014390087107,0.0108710098582563,-0.0071319655254612,0.0412552791883587,0.9990637571629836,0.0433160044405867,-0.0231844866730412,9.119337304157671,-0.0064887623079262,0.0363243629467927,-0.906083430919872,4.264713931019779,-0.6487098555272222,1.6827227341923277,1089.056919909123,1093.19886340824,1076.4252167181537,1091.0837980910155,690.4703013855502,-233.3152928869083,-942.4826987973756,54.9652846124164,158.23193069055208
48.6225,-0.0085416647793103,-0.5668033846456766,0.4805232871639435,0.0665469226770695,0.0027345270587752,0.0216918176798413,0.0109481135180071,-0.0070988062391272,0.0413265185949638,0.999060196087009,0.0461245171319816,-0.023723987771765,9.123639448190648,-0.0066874699871027,0.0359211425450321,-0.9078343099936216,4.264713556031098,-0.6485670924002732,1.6804689451594716,1090.6200926116694,1092.653842227968,1074.3388368982023,1091.2228283581499,601.2365490477362,-212.89069149303296,-738.7142183356342,69.24138330111349,158.22989116037766
48.625,-0.6035836982531346,-0.3782353859401611,0.5151387092762844,0.0670857019050054,0.0020913799756717,0.0227533252282609,0.0110155134238515,-0.0070561968066721,0.04140410737326,0.999056533200964,0.0489612794494516,-0.024178746465934,9.128214458843036,-0.0068438085440048,0.0355189502801231,-0.9095794491470298,4.2647090667814815,-0.648424653033244,1.678208231753934,1092.0631026543588,1092.1344099507755,1072.731645626479,1091.4300050075208,547.530533860388,-192.79001550893807,-520.1223118095369,96.91613664667504,158.2277404607228
48.6275,-1.1726829535833103,-0.1741855666989691,0.5314898395505375,0.0646941371169242,0.0017720448889441,0.0241828725779571,0.0110701001711056,-0.0070116973819625,0.0414839682046077,0.9990529189956506,0.0518852737792258,-0.0245765853229622,9.133017363786257,-0.0069670532216088,0.035125165376878,-0.9113150131083444,4.264702041220362,-0.6482825909122281,1.6759397560004308,1093.3577452809689,1091.689892150424,1071.7382253391572,1091.7074090413828,474.9344540276369,-144.85270072206595,-224.72376739199132,123.75944662056133,158.2255002453472
48.63,-1.6263890841133408,0.0318839747027055,0.5154137401964787,0.0588836907676702,0.0016985132718929,0.0259463041551139,0.0111116770771535,-0.0069718197632755,0.0415618709789036,0.9990494880955338,0.0549307147610904,-0.024898503402464,9.13799644381979,-0.0070665502418603,0.0347425737284716,-0.9130363171090128,4.264694533582755,-0.6481410922783388,1.673662663267805,1094.4377749244984,1091.410146447165,1071.6080267895184,1092.048802240624,417.2577652325484,-66.02386216737874,133.87510741520117,150.52351207406477,158.22315632665027
48.6325,-1.958250666676612,0.2639546568583872,0.4523758158093083,0.0499720594909261,0.0018499357886975,0.0279271960781669,0.0111392476261681,-0.0069384424389418,0.041634708811218,0.9990463705616832,0.0580419038630439,-0.0251451886637159,9.14309459886223,-0.0071449312278189,0.034375852858199,-0.9147382284697628,4.264688238519334,-0.6480011981982561,1.671376127314032,1095.4440341071327,1091.359772839587,1072.4076008762336,1092.4600266017535,312.4444904090637,40.92500390465004,421.0614347015699,136.410433947582,158.2202305384098
48.635,-2.0389857389965864,0.4307306838083181,0.3659025586858317,0.0427835415225551,0.0024141790691233,0.029177940450554,0.0111584345027835,-0.0069163540689759,0.0417029421261093,0.9990434544221732,0.0612200634154176,-0.0252085912610226,9.148246965247594,-0.0072121206199639,0.0340184830759619,-0.9164162535427056,4.264684266431998,-0.6478636056736221,1.6690815291102865,1095.9999973765423,1091.614771466688,1073.7133339630243,1092.7308544103612,149.8875717807238,172.88376611059243,598.2933177830214,75.56254436904737,158.2177040701915
48.6375,-1.9407499217292985,0.5492114577400065,0.2535150843777226,0.0370926257757766,0.0036176144575809,0.0299438662401254,0.0111754212960449,-0.0069055476384108,0.0417674171502263,0.99904063980539,0.0643813211704745,-0.0249774506043206,9.153384879616478,-0.0072708126574365,0.0336629433344949,-0.9180668949572864,4.264682892442642,-0.647728600096305,1.6667816014544303,1096.1934719660367,1092.2241916701405,1075.3990674651502,1092.8378393235987,-17.09495478288807,350.44767853101155,755.5783807568558,-6.703875766694392,158.2150941594114
48.64,-1.6794840113340033,0.6092354028512444,0.1027074490919191,0.0322352226330141,0.0057594984705164,0.0303797608993009,0.0111905011133508,-0.0068999052718115,0.0418301888449256,0.9990378800835248,0.0673307888645075,-0.0244549331534871,9.15843967425786,-0.007313039347617,0.0333121605996142,-0.9196876247772202,4.264683977392905,-0.6475958083814556,1.6644787507184435,1095.9145226026278,1093.367009859344,1077.4912258668105,1092.6973350315277,-197.53828898055647,478.16978007365674,728.9790501585038,-101.77080500921124,158.2118768052079
48.6425,-1.3931644706344393,0.5744065985877964,-0.026214202868132,0.029449212579238,0.008120048366088,0.030405861835774,0.0112102353674835,-0.006896222120703,0.0418919822403679,0.9990350920527163,0.0699397037264691,-0.0235431465871487,9.163340634109847,-0.0073374623691008,0.0329576346269614,-0.9212775671796132,4.264686936611088,-0.6474638893724377,1.6621734553581853,1095.2057805211348,1094.6150405705066,1079.0439627159394,1092.328985298553,-382.64233058647255,536.4945843415155,535.7249536857113,-196.57693185844383,158.20913346883762
48.645,-1.0859871063421762,0.4430203980671859,-0.1477768528791705,0.0274331786528095,0.0106377099010732,0.0301174505039921,0.0112352705597965,-0.0068898979713118,0.0419519545586681,0.9990323356994536,0.0720598407162239,-0.0222623733244334,9.168021351164723,-0.0073402314136479,0.0326013237976108,-0.922836601166558,4.264690873097722,-0.6473326483794545,1.659864045274179,1094.0013109496945,1096.049482781053,1080.1698506352404,1091.7144503722348,-623.2760245392905,633.1205796523535,365.89452199590977,-312.90674388676416,158.20633733070076
48.6475,-0.7324372136795747,0.1873544041757579,-0.2742869723309379,0.0256484662330504,0.0125885944510598,0.0293911266053966,0.0112589407664586,-0.0068724307561928,0.0420058934810781,0.9990299200467332,0.0734783382344505,-0.0207740795484952,9.1724235460905,-0.0073101603984028,0.0322580731130674,-0.9243652540849288,4.264694630333143,-0.647202520309126,1.6575487153453883,1092.0894003984367,1097.78064346877,1080.87343532592,1090.7644515791187,-749.0777766756755,602.3006077752163,143.04822530656844,-368.5133349022803,158.20293490015715
48.65,-0.4677327352584053,-0.0822113306268135,-0.3568284132155818,0.0247321362888102,0.0127617994909567,0.0284523980576479,0.0112758746231786,-0.0068421360511783,0.0420490706605005,0.9990281148537564,0.0741222866438719,-0.0192306195413643,9.176495854152124,-0.0072488569286968,0.0319405865104269,-0.9258652141087684,4.264698024257893,-0.6470738366311113,1.6552290292018732,1090.2559220663195,1099.0609858199264,1080.8850917617726,1089.8718836977253,-737.268169618742,440.3570817266903,-105.53627646144436,-358.3229344065771,158.20007018824978
48.6525,-0.2446017789087378,-0.3732233867528635,-0.41003081476888,0.0244626652267606,0.0115644325670332,0.0272297670998286,0.0112818509924218,-0.006803678270822,0.0420811964909755,0.9990269469502848,0.0740514698516968,-0.0177762982926949,9.180196681559856,-0.0071695774055507,0.0316595544746053,-0.9273394742028872,4.264701837825005,-0.6469467180899614,1.6529074439933116,1088.4030595503411,1099.9824288774043,1080.3457539436124,1088.972836907085,-708.5702422567023,287.60141760780084,-288.58167492020374,-348.04130025113795,158.19718631176383
48.655,-0.0569223181231382,-0.6576073172335327,-0.4377486552116804,0.0244544900063945,0.0096422046910741,0.0259618434561424,0.0112788445051501,-0.0067657422459953,0.0421010216066318,0.999026386778016,0.0734199743656882,-0.0164505877783138,9.183495945911009,-0.007093861728813,0.0314139557857027,-0.9287925914115202,4.264707659784307,-0.6468210323636364,1.6505846522358583,1086.713070855034,1100.498992907966,1079.4421833871709,1088.1316771964687,-600.2743648953585,96.30742018348093,-416.01676036135905,-313.40321663930206,158.19429464191205
48.6575,0.0936208478625933,-0.9144953027158556,-0.4374638046497184,0.024426236838111,0.0075360455911711,0.0249100811289836,0.0112669298870603,-0.0067328900236765,0.0421105374990188,0.9990263211008849,0.0723205020108097,-0.0153282892655914,9.186380861860851,-0.0070353105658872,0.0312052386536989,-0.9302300119416982,4.264716310497982,-0.6466963756660218,1.6482604558804768,1085.401687725867,1100.4639659783215,1078.2656701418075,1087.4058208238898,-459.2389371549795,-139.54177213570028,-530.6510441169407,-290.5858261860763,158.19140296885598
48.66,0.240665135416243,-1.1743060603991256,-0.4105768017874041,0.0245458528404222,0.0048854573682217,0.0237779746657116,0.0112475513769824,-0.0067060759335789,0.0421160630857487,0.9990264649150016,0.0707954545388715,-0.0144574998261537,9.188856513989565,-0.0070003260628661,0.0310311721452083,-0.9316579098796396,4.264727316845115,-0.646572285293724,1.6459348146425228,1084.416876169258,1099.8012840472873,1076.7889281665848,1086.6787480655375,-255.0994886380581,-329.8785653371528,-515.891386533767,-245.76734521148117,158.18794459584507
48.6625,0.3391205704761284,-1.3375895781446498,-0.3698043017428316,0.0249907537603709,0.0021079234071659,0.0227684145930116,0.0112300392691796,-0.0066903939018971,0.0421219594882771,0.9990265007807412,0.0689824890496576,-0.0137427607363023,9.190943398519249,-0.0070031665600365,0.0308742096833112,-0.9330831146972856,4.264739888746356,-0.6464481052846948,1.6436072279630143,1084.126190282676,1098.8145731516347,1075.6862132091371,1086.1769840978316,-11.910375766648858,-451.64808661607054,-378.34800511389255,-182.74004377866072,158.18508045639868
48.665,0.4126244427087805,-1.426081698474638,-0.3143954823381603,0.0258041336766339,-0.0014044193922145,0.0218001567889873,0.0112223380385042,-0.0066873327872694,0.042128955434523,0.9990263040186428,0.0669630950448224,-0.0131065282485629,9.192681261863257,-0.007050647552396,0.030718096557418,-0.9345123668300324,4.264753523608452,-0.6463235759633678,1.6412780569519074,1084.357324290425,1097.5430436142087,1074.897188141017,1085.765047846645,202.39082031624653,-576.5647593588943,-249.22889422792636,-158.83788846118537,158.18224414712208
48.6675,0.4684748124988001,-1.4232420582827796,-0.2384610733726667,0.0271532408340187,-0.0062392567654882,0.020966740152582,0.0112232725592441,-0.0066944426996196,0.0421382745269221,0.9990258531850336,0.064748247624373,-0.0126288685629646,9.194130262111738,-0.0071402908202336,0.030562402702022,-0.9359515779597692,4.264767662520934,-0.6461988607838144,1.638947033799023,1085.1381443842579,1095.9317493548388,1074.440068737997,1085.3827946555255,350.78141589511023,-567.9087795512081,-81.55365177349641,-115.77508962821857,158.17888306685654
48.67,0.4853043516461528,-1.319281895322585,-0.1740855205472074,0.0285332472895629,-0.0104720711966641,0.0206058947514318,0.0112389132781472,-0.0067117015015759,0.0421526918421129,0.9990249640218624,0.062405502974027,-0.0122495303564596,9.195363826226535,-0.007273263825409,0.0303925892500888,-0.937406450908228,4.264781275084964,-0.6460737985562737,1.6366134036772015,1086.1112313699011,1094.7034997164515,1074.4894198821491,1085.1861723985037,431.31837457338526,-428.34402378928496,97.03134000983212,-43.96379771105236,158.17612478901043
48.6725,0.4705722935574414,-1.1101234804004227,-0.1157699257559619,0.0299714389806257,-0.0143263174125388,0.0205211766259203,0.0112772302908985,-0.0067329055722361,0.0421725422843008,0.9990235727418522,0.0598938163625066,-0.0118571606084609,9.196469081696456,-0.0074381519846678,0.030189350653177,-0.938882059809056,4.264793542474957,-0.6459480338957135,1.634278326606491,1087.2947362571228,1093.7900292358945,1074.9252254380456,1085.1629756669704,541.9520134254482,-298.83952883213334,250.18553426094448,39.11421292234809,158.17341899944967
48.675,0.4211674489279216,-0.7578493598218152,-0.0570490969958248,0.0313852859876358,-0.0177280755800554,0.0205447829291974,0.0113345139486532,-0.0067515052668401,0.0421940516390278,0.999021918179526,0.0571575700378612,-0.0115417561756417,9.197546139053005,-0.0076209813906941,0.0299547039843419,-0.940381676704859,4.264803345479474,-0.6458209151012126,1.6319422885130788,1088.82099143703,1093.20930207229,1075.7403475534547,1085.3817434631155,559.2622133205035,-118.65288614843234,320.6936175088409,124.3659147083054,158.17024186365933
48.6775,0.359832804573179,-0.4056776351671659,-0.0172275191847555,0.032325303266785,-0.0192978860519403,0.0205066081634626,0.0114081760565499,-0.0067650307390723,0.0422138326217417,0.9990201858937436,0.0542158095402334,-0.0113620016087011,9.198700306502401,-0.0078144191740109,0.0296886512656759,-0.9419071137932596,4.264810094287061,-0.6456921451348534,1.6296043301034615,1090.0910473237268,1093.196764805152,1076.5286935255908,1085.7848052405122,488.73622636791765,86.69573187615853,311.1128084364383,205.09142826345405,158.16765880855402
48.68,0.2858726961285191,-0.0294702990947277,0.015802946119524,0.0329676138430246,-0.0196070290154482,0.0203994342165007,0.0114944785160728,-0.0067720358921402,0.0422311964968201,0.999018455656963,0.0511025916333868,-0.0113840252615247,9.200039128778464,-0.0080120577795004,0.0293935105421583,-0.943458306415983,4.264813284446361,-0.6455622290564722,1.6272629653487407,1091.2646725688671,1093.6427807316704,1077.2959115956355,1086.4072006044319,441.3225532465292,240.72401767158644,293.1146865544953,280.0395741455236,158.1651500575022
48.6825,0.2069851895645598,0.3391660424166693,0.0449567922630444,0.0333526189429433,-0.0190122147505152,0.0203270349984659,0.011581461236255,-0.0067713860179358,0.0422442363016993,0.9990169479181664,0.0478468351288829,-0.0118105727629607,9.201670037035742,-0.0082072594767604,0.0290875139709567,-0.9450327601941132,4.264813308887353,-0.6454322124908196,1.6249157212998413,1092.2976600899603,1094.4003848935104,1077.994266958364,1087.1850031112403,367.58576613769327,355.88043379384527,265.3625831128017,338.7904844136387,158.1627081412751
48.685,0.1263491839320401,0.6686816316544967,0.0696862387577486,0.0335820653607904,-0.0175506186336132,0.0203725500398046,0.0116615309867551,-0.0067631559920986,0.0422506679825751,0.9990158418726296,0.044497868482297,-0.0127507375137493,9.203692617712974,-0.0083962360431495,0.0287813690972097,-0.9466264016630792,4.2648110100808125,-0.6453031544424622,1.6225604909852311,1093.1026013995568,1095.4221829006403,1078.6227245112002,1088.1011530265007,291.9786317878716,480.25289627114967,279.4344067813467,418.95875699876245,158.16035283728488
48.6875,0.0294392971672961,0.98490777280241,0.0923134414252411,0.0338132146145218,-0.0149070059525056,0.0206066930712058,0.0117304421116496,-0.0067463884407175,0.0422524379535944,0.999015107693712,0.0410833584702266,-0.014237814685946,9.206195222462995,-0.0085737525152489,0.0284799666249178,-0.9482339843755936,4.264806857819517,-0.6451759101287758,1.6201972483189844,1093.7575532488986,1096.801649374864,1079.3914389922695,1089.2797968962325,186.56003045215272,510.35117372876846,303.5486344638262,430.6921645475365,158.15763367547606
48.69,-0.0511091232210309,1.160692933357068,0.1032172179065924,0.0338181892680096,-0.0118646615852919,0.0209372505090098,0.0117886486453515,-0.0067247562013312,0.042253338572265,0.9990145522299024,0.0377145718692564,-0.016209836806657,9.20925044371068,-0.0087444434691162,0.0281800777686113,-0.949849635266944,4.264801734967799,-0.6450501397684831,1.6178259409654687,1094.0354015518167,1097.973938769282,1080.140467683518,1090.2546138492366,59.58293153713974,452.20200119883486,341.3300095062896,367.10193335629214,158.15546137042406
48.6925,-0.1307685838455687,1.2254978325194452,0.1042051443117139,0.0335171543523805,-0.0080073867773404,0.0213095892112769,0.0118374164212643,-0.0067029335709447,0.0422550796397619,0.9990140569845248,0.0345170465813862,-0.0185796901788729,9.212913967299617,-0.0089161563309245,0.0278771937906993,-0.9514672788085204,4.264797073199843,-0.6449248078664132,1.6154490973640867,1094.0554679065845,1099.0626593808595,1081.0980890398018,1091.1153065630149,-40.07087044490386,442.37335854959485,475.09972214196085,326.41189378570414,158.15339035220856
48.695,-0.2250822204516197,1.1676930223740398,0.0942518111450682,0.0330764764897965,-0.0030082789763008,0.0215678798584547,0.0118776218022536,-0.0066849526112509,0.0422574069814959,0.9990135980310844,0.0316002168140516,-0.0212578298672981,9.217223032621972,-0.0090967153138586,0.0275675774374855,-0.9530810009441034,4.26479369328634,-0.6447989334334657,1.6130689951189812,1093.835047199592,1100.1858055620312,1082.5159662942287,1091.886673318166,-111.58605124647836,375.7052470080232,553.0665300457741,224.37145828187053,158.15102557152167
48.6975,-0.3025756511342729,1.0174210107725794,0.0776238782090288,0.0328359809301626,0.0008517822399165,0.0215797919333702,0.0119117628905361,-0.006672431635987,0.042258861898734,0.9990132001346376,0.0290271431359708,-0.0241160263854532,9.222194740122337,-0.009290436785841,0.0272443571695937,-0.9546852932751096,4.26479207413113,-0.6446709327097235,1.6106852506388192,1093.4975376503523,1100.941185615898,1083.863421690028,1092.2371638544232,-154.2819601969888,268.09633780549046,542.2874514449131,71.85697232294804,158.14915682677503
48.7,-0.3752612506601037,0.7952928437976261,0.0516716837170803,0.0325070751966784,0.0039090436059161,0.0216423410388123,0.0119459522306627,-0.0066667960061982,0.0422588686765267,0.9990128074376772,0.0268575674174304,-0.0269546827669999,9.227824611588813,-0.0095020125608346,0.0268941369553959,-0.956275063373284,4.264792371365162,-0.6445404051612128,1.608297483231532,1093.0636373986067,1101.526287251059,1085.2274035514547,1092.2459581797807,-198.97591155016747,233.1817499844136,555.4800161609251,-68.15994861650475,158.14739463312387
48.7025,-0.4437376702557132,0.5077374840351615,0.0061009469019486,0.0313650301496121,0.0059840709607354,0.0219880520940815,0.0119811735650889,-0.0066656865330174,0.0422583045287265,0.9990123877477748,0.0250751010549544,-0.0296638162187029,9.234088875046083,-0.0097285048831467,0.0265137732273388,-0.9578452240822654,4.264794285251008,-0.6444089690879351,1.6059055050357856,1092.5026580926012,1102.1070943658203,1086.6408217708342,1091.8963641113403,-202.75820296247073,206.9983488820135,446.4968769125303,-172.98628264036142,158.14540275656583
48.705,-0.4719796887247811,0.3036356783922684,-0.0456493586946484,0.0297594836781125,0.0057650416291106,0.0224669465075873,0.0120195927653933,-0.0066672701640859,0.0422596251612158,0.9990118265755714,0.0236714307176184,-0.0321130880535626,9.240942887281788,-0.0099676895851549,0.0260990176447388,-0.9593909857796799,4.264797423733556,-0.6442786103128291,1.6035085355676333,1092.0498463837953,1102.5612789954685,1087.4598879360155,1091.38102676658,-167.16231808505287,189.4753089238688,223.5737714374629,-226.44038409900767,158.143844004092
48.7075,-0.4586950484698696,0.1909465223310852,-0.1076271237707802,0.0278823532916488,0.0037242121493198,0.0228355885511699,0.0120626929140817,-0.0066691099104121,0.0422646066700484,0.9990110529726488,0.0226236142119283,-0.0341884269653151,9.24832266568662,-0.0102156231590964,0.0256480689021019,-0.9609078846967828,4.264801121912045,-0.6441496649282334,1.6011067404960373,1091.6668465021755,1103.0544709104404,1087.758690628022,1090.764162190845,-133.2760609175921,208.3629560299712,25.04117567658424,-242.68754732212392,158.14238819000747
48.71,-0.4101022900800452,0.171873247734082,-0.1683332466213716,0.0261587732153708,0.0015754532893798,0.0226902829049207,0.0121079042183806,-0.0066711593696944,0.0422757572141035,0.9990099996504628,0.0219461508683355,-0.0358597927248151,9.256146777559575,-0.0104718068777949,0.0251682523699222,-0.9623916921625812,4.264804865720504,-0.6440222802707729,1.5987010065398723,1091.3834660792068,1103.6030937756188,1087.5850938143983,1090.1675890299687,-78.4739035030984,229.69647146231156,-173.88310976850687,-212.94189080091468,158.14101599815683
48.7125,-0.3287053746994235,0.2486924190685123,-0.2103951228813217,0.0250330077754066,0.0012558136347391,0.0216355846896844,0.012154068018202,-0.006669346181315,0.0422942660823334,0.9990086648724404,0.0215758514291321,-0.0370782889879544,9.264317739224518,-0.0107273626305098,0.0246649076674672,-0.9638389229536471,4.264807421860708,-0.643897167154946,1.596292168737898,1091.2744769846604,1104.202953267751,1086.8892750791804,1089.6994527368413,6.111355676145251,261.99146346807777,-392.8510559158249,-159.1763862923112,158.1397423815409
48.715,-0.2142457366481988,0.3988951673783397,-0.2222177869939145,0.0244545874600976,0.0031014018369827,0.0199401730532268,0.0121974512496981,-0.0066519772201159,0.0423214074903393,0.9990071165065492,0.021300899779161,-0.0378496386142287,9.272725600343959,-0.0109576480961716,0.0241486141104618,-0.9652467023460586,4.264807498886375,-0.6437745985023687,1.5938809415351136,1091.4140228575875,1104.91305109296,1085.6208385348184,1089.3717070985067,104.16463285295448,244.24442269101985,-501.5361642840779,-75.30929151831299,158.13832488955407
48.7175,-0.1208744883394751,0.5338348130388733,-0.197975703383101,0.0243976367358948,0.0051272220239599,0.0189720319768112,0.0122349916450902,-0.0066190346007228,0.0423549436428908,0.999005479278279,0.0211198733615875,-0.0381915893403037,9.28124821216053,-0.011160136378122,0.0236303051627524,-0.9666123528593776,4.2648051932749595,-0.6436547739072154,1.5914660437642498,1091.7953001489254,1105.4241753812066,1084.3815942577587,1089.3229062792495,211.32688797221027,170.46321134386787,-485.24719325904266,28.769929949866096,158.13723361435632
48.72,-0.0442387126123567,0.647609288343498,-0.147606754138394,0.0245213678075494,0.0067963301724835,0.0185835438811514,0.0122655665982606,-0.006573030177629,0.0423902279141376,0.9990039411889304,0.0210732888487677,-0.0381047512682875,9.28975500757978,-0.0113371996285554,0.0231178439181257,-0.9679335782748704,4.264801345466395,-0.6435374210907705,1.589046749758536,1092.4706572974478,1105.7653671496785,1083.1946025685252,1089.515556748256,358.2833464205564,97.76126491733069,-456.25025842236334,138.18043125449756,158.13623270204914
48.7225,0.0184124654157326,0.7359922348724747,-0.0724853073230225,0.0249171998282486,0.0091280145297892,0.0183790104817854,0.0122907845030366,-0.0065165254589042,0.0424258777282461,0.9990025198352968,0.0211978115555633,-0.0375566039994934,9.298110523181823,-0.0114912491406079,0.0226140917993129,-0.9692086188203244,4.264796230489549,-0.6434223902343144,1.5866228618366112,1093.5867168810291,1105.9129817057935,1082.1003429656455,1090.0138084355224,446.157753236229,8.058944704903722,-313.7116418650508,222.49568395679927,158.13513238419233
48.725,0.0436367889582278,0.7560977099889653,-0.0082181373891239,0.0254582312136248,0.0117847350800627,0.0182603140757131,0.0123124470109111,-0.0064596268724159,0.0424599278142342,0.99900120691937,0.0216635401559442,-0.0365348166694071,9.3061779349604,-0.0116394990853212,0.0221221772111132,-0.97043612565253,4.264789844662103,-0.6433102736980917,1.5841925758840127,1094.70144606363,1105.805661873203,1081.626044359199,1090.6280351680405,458.0378087849186,-85.0560930733855,-73.91843915636302,277.14944952251886,158.13429662104835
48.7275,0.0446824089886226,0.7143166784388035,0.0458801678551262,0.0260463018852581,0.0147335421471465,0.018213407571573,0.012331088696775,-0.0064125757800535,0.0424903601802743,0.9990000131693568,0.0226355562340551,-0.0350682310899425,9.313824042569225,-0.0117996527993892,0.0216474849337233,-0.9716156312741004,4.264782624331341,-0.643201469917107,1.5817553397206072,1095.8769059249516,1105.4877012404268,1081.7307507698642,1091.3995556831337,494.6601042041236,-172.46901606972915,185.956871009735,359.7786778383103,158.1335416160377
48.73,0.0323988188237843,0.6069411134546884,0.084150459961376,0.0265424214863795,0.0174169471075979,0.0184896897501039,0.0123467757259947,-0.0063792172253715,0.0425149244418356,0.9989990073838682,0.0241531109582659,-0.0332058824107579,9.320923929910991,-0.0119773855671873,0.0211952654663061,-0.9727482623569959,4.264775528569765,-0.6430956498951975,1.5793127058708571,1097.174746584652,1104.943316792854,1082.5558287142485,1092.4269285572327,432.081126142436,-209.5828324601208,406.17961104360023,380.56501036725047,158.1327247541073
48.7325,0.0270412044577376,0.4932293694641569,0.0827610292637569,0.0265732342542459,0.0183394759686913,0.0190240044089977,0.0123620415685028,-0.006358941285369,0.0425303709415324,0.9989983004991324,0.0261680979552657,-0.030962166279836,9.327364468956295,-0.0121703396831976,0.0207647571887623,-0.9738372746050992,4.264769428012628,-0.64299151692825,1.5768668280409914,1098.0373115556647,1104.4397870781258,1083.7616488250833,1093.3023807349707,278.8251020872201,-185.97437702309068,554.2414099468299,339.8489201762367,158.13211513511897
48.735,0.0483365491045318,0.3844864312344834,0.0369793251430924,0.0261222955505286,0.0182470175125688,0.0196288333867398,0.0123800697998822,-0.0063472739877165,0.0425346813330014,0.998997968839214,0.028554955424106,-0.0283488032630782,9.333048859159668,-0.0123688005387704,0.0203525625754748,-0.9748881802804608,4.26476418296174,-0.6428876086852503,1.5744198774655225,1098.5688720950868,1104.0134449077393,1085.32703576398,1094.1261731581124,150.41336367318343,-136.23210674688687,709.5361081896052,339.37554004547485,158.13157538686218
48.7375,0.123565365929867,0.278807861010995,-0.0723717502123235,0.0253492945294981,0.018110532524428,0.0202145874288195,0.0124027104941493,-0.0063426518152852,0.0425286064503983,0.9989979700339968,0.0312361700469558,-0.0254146569717672,9.3379001738808,-0.0125684173210656,0.0199570694657443,-0.975908407220034,4.26475869603366,-0.6427837023786998,1.571973883229416,1098.7893783740312,1103.758626544391,1087.3093293660331,1094.9992584351992,17.900439770610255,-27.564268286582315,690.7024598650984,298.1182776155786,158.13100375378815
48.74,0.2316797259323443,0.2111009377139396,-0.2041957616191417,0.0247786717947085,0.0182564540294207,0.0204645108887291,0.0124320133945588,-0.0063433214660966,0.0425174894929517,0.9989980643148748,0.0341268832986971,-0.0222119694011783,9.341864445000487,-0.0127640948642412,0.0195753474046899,-0.9769070469965266,4.264751600852345,-0.6426800858036115,1.5695306118889747,1098.65837429394,1103.8756235663063,1088.7805480633072,1095.6167645461912,-99.62307041087081,136.14901556501187,488.9062121071573,226.5555742528491,158.13058724162383
48.7425,0.3764768417138029,0.1528640101046953,-0.3636848168572655,0.024553637831642,0.0184696156030465,0.0203023283375326,0.0124720132099646,-0.00634522924654,0.0425066301223002,0.9989980015789915,0.0370981780353864,-0.0187584363437926,9.344912660670238,-0.0129463887532698,0.0191995624600779,-0.9778943052398892,4.264741508684068,-0.6425767103982634,1.5670908199790772,1098.291263021977,1104.4393716222155,1089.7538604265667,1096.1320363064624,-168.55427706887457,307.8845739431716,271.1256153079353,193.2361488841628,158.13022851199753
48.745,0.5316894867547335,0.0893831270075272,-0.5283809544280965,0.0248649486708901,0.0186807171374708,0.0196370854850355,0.012522976390089,-0.0063510883689312,0.0425007831174753,0.99899755731033,0.0401432366948152,-0.0151487616827021,9.347042084514554,-0.0131190192406813,0.0188290769160044,-0.9788801846619232,4.264728993463541,-0.6424744206728458,1.5646540490215604,1097.815602908595,1105.4150464360227,1090.1361761398475,1096.5829452906123,-195.62827021853988,488.41882084882417,-8.164053710375272,170.04770153003332,158.12991437981304
48.7475,0.6624172155582153,0.0014960284842459,-0.6711321504472451,0.0262948683581274,0.0190059331809379,0.0181438561565955,0.0125817927653336,-0.0063609743144273,0.0425050589433725,0.9989965516649292,0.0432036950447491,-0.0115368841208725,9.348277258776967,-0.013280827473597,0.0184689960268865,-0.97987388661673,4.264715187120808,-0.6423737221651201,1.5622195243292627,1097.313121670884,1106.8814657264609,1089.7130401580148,1096.9822748141128,-206.46501003312227,740.6974411323888,-357.2909066041187,169.26711403099878,158.12965010317427
48.75,0.7367634911807892,-0.1536811423629214,-0.7780594049122375,0.0294653976409175,0.0196910314537544,0.0152043826283788,0.0126457273983361,-0.00637008541569,0.0425227272325891,0.9989949098310642,0.0461323838850617,-0.0080610331420588,9.348668253834257,-0.0134220490478759,0.0181225769345275,-0.980883240561109,4.2647004225214715,-0.6422741131465756,1.5597848989964607,1096.7832778584304,1109.1185336416816,1088.3497216068288,1097.4292808607668,-173.72113831877297,874.7136957564861,-604.6746492156259,161.10747803719377,158.1293861854979
48.7525,0.6971481720539879,-0.3332474674088118,-0.7904342443618196,0.0329921484057436,0.0202716013341699,0.0118992801214774,0.0127119604212557,-0.0063747479913657,0.0425521216931047,0.998992762255108,0.0488067822681184,-0.0048540016746581,9.34828776911829,-0.013536327063025,0.0177925013195411,-0.9819139874953048,4.26468526958329,-0.6421751380338636,1.5573468871803395,1096.444515979291,1111.255034205239,1086.6896669119394,1097.7878122042982,-112.22563520763003,869.7974816058929,-706.0646059620038,141.20897921072407,158.12920797502457
48.755,0.5362518402773168,-0.5597060129964379,-0.7136695845787144,0.0366357494337891,0.0203221941287245,0.0082760853585111,0.0127762432992856,-0.0063727093016012,0.0425882043577441,0.998990392272011,0.0511351668487038,-0.0020657093241212,9.347228428663184,-0.0136211443936244,0.0174835142994174,-0.9829695910431328,4.264670594050627,-0.6420762169852564,1.5549035693876716,1096.222149682392,1113.4675210497132,1084.8193985770167,1098.1353257568207,-74.1686330162868,935.8564230202531,-786.3878859503144,147.81840842912683,158.12907066446567
48.7575,0.2265172726702603,-0.8557649980066093,-0.5417720929834918,0.0398552616233968,0.0190917639038255,0.0048317061047167,0.0128378679531398,-0.0063702925164323,0.0426249145468453,0.9989880262621068,0.053195867154018,0.0002262344250164,9.345596794431977,-0.01369213508629,0.0171933175276095,-0.984051454247906,4.264657377095953,-0.6419764650928828,1.552453134750831,1096.0736728142094,1115.9343163203428,1082.7577274821858,1098.5269042464442,-36.62737347557288,833.9402990979888,-671.744123360733,135.9117955386736,158.12895130335025
48.76,-0.0838732655168217,-1.0882926102420516,-0.3716523126895285,0.0406436776911312,0.0164926841179833,0.0039999955100867,0.0128958413466612,-0.0063743253998016,0.0426585168241531,0.9989857941933556,0.0550848453062388,0.0019531973933854,9.343511926315315,-0.0137665997995322,0.0169195446974597,-0.9851595558117489,4.264646513143188,-0.6418746341425539,1.5499952236502124,1096.0390128150143,1117.6372225451992,1081.4606779602163,1098.8148847345135,5.337992569954619,570.1661362108819,-389.3253740760711,103.35378719022796,158.1288889203188
48.7625,-0.3754993958508814,-1.2622406938778388,-0.2299281185416956,0.0389469043638307,0.0121166134279743,0.0056330825490682,0.0129474418882127,-0.0063876736274931,0.042685556339173,0.9989838615640436,0.056831976374308,0.0030335093378884,9.341103042548465,-0.0138544016512505,0.0166624471142995,-0.9862932143545357,4.264637967597654,-0.6417700250509907,1.5475315332498183,1096.1003627770592,1118.7851470013989,1080.8111006118045,1099.0436731823957,52.03408007175379,353.30038323782105,-121.80635240259242,85.52661379153678,158.1288648453529
48.765,-0.6249006321510762,-1.3720325911051952,-0.1305144269237485,0.0349130466498862,0.0061824626356725,0.0083503404538063,0.0129958337092566,-0.006414234087112,0.0427050643329817,0.9989822044747504,0.0585009382088071,0.0035112299277182,9.338503225609209,-0.013967898901859,0.0164107017283535,-0.9874517805409102,4.2646315626636335,-0.6416631133082955,1.5450637081891703,1096.2991832153732,1119.4037244613894,1080.851646198203,1099.2425178034714,94.62981112628279,100.46643757082208,140.3793577191121,62.196087045242336,158.1288809126229
48.7675,-0.7145753497791854,-1.3820132697658956,-0.0986403070561442,0.0311540460305815,0.0021540704967226,0.0094384651689628,0.0130438353928617,-0.0064491055843868,0.0427185814252371,0.9989807530293972,0.0600007467327851,0.0034476346823408,9.335849757883146,-0.0141016350244924,0.0161532055659749,-0.9886350711431012,4.264627184412165,-0.6415551796426081,1.5425927270956479,1096.5735118326902,1119.2874791892525,1081.5129974003992,1099.3546536176216,129.65892722306947,-157.57488080122255,363.4624072111324,39.28667885245695,158.12893264841168
48.77,-0.6769156625455323,-1.32990542844265,-0.0762433006672565,0.0281717567131443,-0.0004107878429523,0.0086236885204552,0.0130931777070787,-0.0064833428979269,0.0427246566210312,0.9989796079944144,0.0611731888260602,0.0029033220490396,9.333280720046297,-0.0142415337304904,0.0158811382127921,-0.9898433347348355,4.264624266946501,-0.6414472090714922,1.5401206701578178,1096.9474778514889,1118.6158500573829,1082.6689582342597,1099.4389511977336,161.1006770130274,-334.8003299309873,515.0728760517361,34.74365338500361,158.12902526962407
48.7725,-0.5525876103141565,-1.2446200900254387,-0.023037655759642,0.0261861780943471,-0.0023247408248743,0.0067482100398213,0.0131421656196151,-0.0065110034540617,0.0427240428572869,0.9989788051659256,0.0619216319256293,0.0018876906129229,9.330931576753722,-0.0143780206167869,0.0155934014661809,-0.9910768437509389,4.264620889288976,-0.6413397888629571,1.5376494824286933,1097.3790152177555,1117.6134775395967,1084.0883617806592,1099.5283718845467,177.7650025716664,-443.65065801184176,598.2336346914947,43.63580834705648,158.12915251704348
48.775,-0.360394434744146,-1.1279353309788185,0.0964651838258919,0.0254803275649896,-0.0042210804880448,0.0046849318508325,0.0131904266511469,-0.006527152079661,0.0427203813682166,0.9989782311961944,0.062176106576277,0.0004475452322014,9.328931120369543,-0.0145023854456665,0.0152871219740226,-0.9923356647885108,4.264615138213075,-0.6412332193414542,1.5351798070060296,1097.8363028643464,1116.3975967673257,1085.6601264077144,1099.6571302394689,195.06544553386476,-538.9200840487291,694.6177022695422,71.31495403769793,158.12932227820824
48.7775,-0.0985961256776803,-0.942679220460298,0.3155189116282311,0.0259389263651396,-0.0070778081448772,0.0032866113579609,0.0132448851564436,-0.0065340753018738,0.0427178075037403,0.9989775991749452,0.0620120929055229,-0.0012283050766083,9.327395650709745,-0.0146199563280804,0.0149462695010416,-0.9936190087004196,4.264606446673909,-0.6411270278932234,1.5327099522997059,1098.3543424454256,1114.9188771193517,1087.5614502920089,1099.8849466547351,177.43739216621196,-518.9031593710371,684.6002734322745,96.46391347186704,158.1295759760222
48.78,0.1203206320043459,-0.7369089025633258,0.5335543407014345,0.0270009868987103,-0.009899950182448,0.0036365789544251,0.0133000883104022,-0.0065343993405895,0.0427185454780142,0.9989768605209564,0.0615046922730385,-0.003172363796025,9.326432750015123,-0.0147353158013938,0.0145800843460497,-0.9949242832239696,4.264596313165463,-0.6410214266173274,1.5302384336503316,1098.723489825178,1113.8030809704692,1089.0831277748775,1100.1394498068285,129.79273241510762,-401.36358357049295,584.06959728712,111.76950300315345,158.12982954784005
48.7825,0.3267229624831844,-0.4673471785817529,0.7365804556157663,0.0280213096954277,-0.0125756122361402,0.0058211672767834,0.0133508531370549,-0.0065276079802115,0.0427217031472074,0.9989761190190712,0.0606722391487573,-0.005402168442334,9.326135221968732,-0.014846796994978,0.0141977746010141,-0.9962472309816278,4.264586244542698,-0.6409164378495634,1.527763124228796,1099.0033061075003,1112.912059201501,1090.4817982784418,1100.4437941697506,103.27027928482669,-330.09025098364356,574.2789524115115,136.06998664106274,158.13012735204617
48.785,0.560542693136659,-0.0794534615620573,0.9030140796782266,0.029025135881139,-0.0145342673905679,0.0101810320425305,0.0133992518567134,-0.0065147521181405,0.0427264225319296,0.9989753715668084,0.0595683116504523,-0.0077966136080122,9.326575705246992,-0.0149563299300693,0.013795042696455,-0.9975819070052946,4.264577395176146,-0.6408121385314217,1.5252809688878375,1099.2398412216023,1112.15262971555,1091.9545225369363,1100.819799740034,74.82433723726707,-227.7253231149388,492.96737980819006,129.72802269130355,158.13053623074163
48.7875,0.7459306830834782,0.2749213335586229,0.9501150042869334,0.0299696665120396,-0.0145921059772959,0.0143875265515205,0.0134466341640192,-0.0065026951596838,0.0427300651571591,0.9989746652908946,0.0583531343067356,-0.0102505053847087,9.327806128087149,-0.015077236644981,0.0133702197177087,-0.9989206254946876,4.2645704398475885,-0.6407093729486238,1.5227897955756626,1099.377427793687,1111.7734325859255,1092.946635177484,1101.0924342832075,50.93932674863112,-107.12164189718088,327.7933017414196,87.07722166421905,158.13091995343544
48.79,0.9170398162668943,0.6245050409941539,0.9004448218993175,0.0312000278595573,-0.0130966590078158,0.0179672794909369,0.0134946108327311,-0.0064953810412752,0.042728160879058,0.9989741437076108,0.0571305145812604,-0.0126517459867029,9.329857574151392,-0.0152167048401883,0.012921452820898,-1.0002549247322132,4.264564612007105,-0.6406085456613771,1.5202901428964264,1099.4945378553452,1111.6170215060647,1093.593489045642,1101.2551858483548,55.68950444464342,-30.61510490072831,179.59908164811984,32.31117485414127,158.13134790226442
48.7925,1.0864112958476868,0.996756447103814,0.7622927765328101,0.0335496099765845,-0.0101092272003469,0.0207744424922607,0.0135427060577158,-0.0064876848449118,0.0427214339205555,0.9989738155963054,0.0558303233580434,-0.0149228449217436,9.332741396966606,-0.015362660510702,0.0124508065163084,-1.001576506667197,4.264557691000095,-0.6405093388971734,1.5177832955799695,1099.6558753159104,1111.620357061422,1093.844630585725,1101.2539901574783,66.10218046795381,24.498585728894085,-8.981720948800055,-39.4851086980705,158.13191142001358
48.795,1.1748365170876875,1.24373547470276,0.6181304604731069,0.0366494841179179,-0.0068487811826181,0.0218270340879447,0.0135911179540355,-0.0064720556196006,0.0427146077986591,0.998973528410184,0.054333442719292,-0.0169768115761485,9.33644780822844,-0.0154972643479508,0.0119591498849009,-1.002877786719843,4.2645479817479215,-0.6404114004799865,1.5152710683839115,1099.8250487576852,1111.7395144347092,1093.548580440898,1101.0577603048644,74.52580140800323,66.18061765435976,-225.22947507065984,-118.91195336945103,158.13242136698616
48.7975,1.1811864116682635,1.4064190737630455,0.4849139448220861,0.0407446256679739,-0.0029370287945729,0.0219774936850495,0.0136434285701222,-0.0064472058025752,0.0427131889292076,0.9989730123098092,0.0526354521085581,-0.0186752511249482,9.340945246870941,-0.0156149862450445,0.0114413310641494,-1.0041521414830177,4.26453428588517,-0.6403140018095069,1.512753611141169,1100.02850432295,1111.9512601496936,1092.7184832103728,1100.6594303906315,84.80739910560467,99.61400184765257,-406.922236107058,-185.2294153342389,158.1329710954608
48.8,1.1089981030133023,1.49362978848242,0.3808441487622555,0.0449018263535464,0.0011972927845564,0.0218230452120988,0.013700374971964,-0.0064169967807495,0.0427233202458266,0.9989719746396136,0.0508210845694601,-0.0199453365075916,9.34618445390488,-0.0157203948530682,0.0108985837536928,-1.0053941299176736,4.2645165736902095,-0.6402172000535387,1.5102306398799477,1100.2490857532134,1112.2375844439475,1091.5139692603618,1100.1316132281927,90.79518239191104,134.64194572918518,-536.7255749837551,-223.38371835642127,158.13355183394015
48.8025,0.9495692893966884,1.4936332991050516,0.3185069642456462,0.0482872090188005,0.005008911228105,0.0218077345404253,0.0137566492500455,-0.0063806493979754,0.0427466046519042,0.9989704257470772,0.0488795825950541,-0.0208332371913722,9.352103620758232,-0.0158090610222424,0.0103441520156108,-1.0066000743550858,4.264495905232705,-0.640121530467119,1.5077034694028408,1100.4824802349099,1112.6244698783398,1090.0348553354527,1099.5425117988489,108.89021135536395,195.49865446005745,-653.1054211134261,-240.2360408939696,158.13416707078943
48.805,0.6893579530491151,1.4061957823218771,0.2811137972756667,0.0509536180830555,0.0090244043174304,0.0223408696315538,0.0138072568366541,-0.0063421746622623,0.0427817022211137,0.9989684670347416,0.0468868339975029,-0.0213944787027165,9.358628635183324,-0.0158874117517967,0.0097914404149287,-1.0077681424043932,4.264474291473396,-0.6400274820135315,1.5051741301148027,1100.7935368099895,1113.2150777162472,1088.2484421547977,1098.930433023724,125.738784404238,235.55175565458512,-610.7003098255577,-183.131003571586,158.1349408560514
48.8075,0.4468751359910712,1.2709517765199314,0.2654688333207477,0.0519231662524759,0.0122062606880983,0.0233152946361338,0.0138447099003259,-0.0063069365264174,0.0428246259852052,0.9989663370905254,0.0449402931155529,-0.0217447845388174,9.365677796775763,-0.0159658278854902,0.0092593466884106,-1.0088984232137777,4.264454561192349,-0.6399351137961116,1.5026441702641362,1101.1111741569312,1113.8022286566131,1086.981353786323,1098.6268567809905,149.61347273948908,244.53753178614755,-416.8657515263617,-53.365619199548725,158.1356116004929
48.81,0.2143299683035297,1.0820549147883811,0.2478345181871614,0.0519198454270024,0.0152234838775493,0.0246134056725277,0.0138742797916711,-0.0062803582153261,0.0428704870837085,0.9989641321217834,0.0431483394462519,-0.0217742742370405,9.373161662931928,-0.016057169954946,0.0087413335323131,-1.009992999056168,4.264438467002566,-0.6398440784901718,1.5001144882808255,1101.5416041736876,1114.4377653751783,1086.1641133971648,1098.663604927726,225.4341263116434,268.4875193768844,-230.85135859453732,110.3189526990812,158.13630433272382
48.8125,-0.0232068319210414,0.8082093700151922,0.2140256670691079,0.0513252228165087,0.0180941632056548,0.026033362751131,0.0139035302490942,-0.0062595934225993,0.0429150516024088,0.9989619420858802,0.0414669401286875,-0.0213363128342567,9.38098959322474,-0.016158549767788,0.0082256469905184,-1.0110555885208836,4.264425924101948,-0.6397545822830151,1.4975858752204054,1102.2383447884883,1115.1446662534963,1085.8270969933517,1099.1784515444851,287.2190609721995,229.17313177061183,-18.944659017978612,265.3724930831371,158.13715462256576
48.815,-0.1750719484257413,0.5540052255923976,0.1770895535351809,0.0505415940023927,0.0196812662857879,0.026895025726159,0.0139364979985621,-0.0062408994191439,0.042953469732119,0.9989599399918438,0.0398335713485569,-0.020362177934424,9.389072282819837,-0.0162651480034832,0.0077075808355444,-1.0120906861969956,4.264415342167319,-0.6396671762253067,1.4950588661143676,1102.9776994785473,1115.5836310340303,1086.0693901020747,1099.9904673931403,320.82269105291704,121.32545836787516,180.21497257018257,383.3468818000114,158.13787389797236
48.8175,-0.2761364904787799,0.2892167344369231,0.1417706078888477,0.049523492801445,0.0205035135781005,0.0273255013969074,0.0139780971540117,-0.006228340690277,0.0429842900093032,0.998958092932934,0.0383345921030637,-0.0187851152655078,9.397321090814573,-0.0163875791263004,0.0071812982259459,-1.0131027438394389,4.264405882866008,-0.6395820521298,1.4925327677376328,1103.842458243754,1115.7512935453362,1086.728171856203,1101.0951859534864,387.6941387826554,-3.0855383038199435,337.2950320936618,507.7540147985604,158.13859758921348
48.82,-0.3461847455689428,-0.0240221888453375,0.1183961762212661,0.0480217084235319,0.0207702087203471,0.0273063553799088,0.0140290892187855,-0.0062273729554919,0.0430102954933106,0.9989562396852364,0.0370815076881338,-0.0166286407966531,9.405650943638019,-0.0165382348171383,0.0066493086127548,-1.0140957179402388,4.264396718939746,-0.6394992394191192,1.4900072321420048,1104.9161701724615,1115.5682033425114,1087.755865262544,1102.5292374671346,377.8019386773192,-127.11579551326132,375.1592737289458,502.48117832457183,158.13946265541014
48.8225,-0.3741585863445019,-0.2708204985012794,0.1253818202917143,0.0465966072495456,0.0204618049866116,0.0269800181167826,0.0140893802937952,-0.0062401301673679,0.0430357783348953,0.9989541928632886,0.0361252110153507,-0.0139396066039725,9.41398018265224,-0.016722025485965,0.0061151679932742,-1.0150727532289672,4.264386338337547,-0.6394191132898241,1.4874822791651359,1105.7314679371389,1115.1157145677705,1088.603968224846,1103.6075918451068,281.6173535228168,-218.93893105828,291.30305892889385,360.2661941684777,158.14017409317128
48.825,-0.3941312387714064,-0.4909890588915851,0.1646058289729562,0.0453182545786698,0.0195920784996828,0.0265607549076717,0.0141537580249008,-0.0062615296999711,0.0430655297925715,0.9989518627553574,0.0353788353946269,-0.010863630859098,9.422231575845426,-0.0169281652391007,0.0055915805088707,-1.0160357981814565,4.264373351836553,-0.6393408908407769,1.48495718203315,1106.3242569400763,1114.4735086872195,1089.2123805571891,1104.330568437978,181.5991637763071,-258.5336669220438,177.1019455999525,204.85801809225885,158.14086723807196
48.8275,-0.4310363925537912,-0.679742286650108,0.2255972236172782,0.0446250205724018,0.0182088082975971,0.0262221968753752,0.0142110413399274,-0.0062860331466897,0.0431028352102613,0.9989493037691286,0.0347436741172138,-0.0076649785415123,9.430330920677113,-0.0171440910445942,0.0051025702358871,-1.0169850034310957,4.264357420398041,-0.639263769001709,1.4824296678482642,1106.6394637560209,1113.8230462331596,1089.4894779528463,1104.6318819355688,42.666677731169926,-221.1748519159493,14.135902383499467,6.256455853014137,158.14153860748908
48.83,-0.5171359367376394,-0.8189352591604595,0.2950353009268483,0.0447972997335581,0.016208733098498,0.0263288591559786,0.0142623628629673,-0.0063149098000272,0.0431445497268883,0.9989466216038811,0.0342607267769673,-0.004385899299301,9.438200349421392,-0.0173723779969515,0.0046468211250949,-1.0179184811994115,4.264339474709863,-0.6391875772955886,1.4798963902482,1106.537590328732,1113.3676344276407,1089.2830600691068,1104.3618507172428,-152.25250168088164,-110.94216787458897,-200.8710580032466,-241.4771579286609,158.14217600055886
48.8325,-0.6977596348747293,-0.9157234011681148,0.352736553147929,0.0450896647512789,0.0133306210565104,0.027387828798683,0.0143094967767588,-0.0063472762205603,0.0431902379450972,0.9989438107771624,0.0339323705249908,-0.0010564038413123,9.445761465149904,-0.0176115030484071,0.0042207148484972,-1.01883272925076,4.2643209161778195,-0.6391122726753417,1.47735532076388,1105.878201247616,1113.2683353937864,1088.4851226628296,1103.4244961459249,-330.5958925896121,55.63146146898244,-365.7102311839884,-422.3080328287892,158.14289240005854
48.835,-0.9065174375888922,-0.932024224463962,0.3507661786927453,0.0444127199248689,0.0105830766447153,0.0290668757976976,0.0143465284374976,-0.0063753459154923,0.0432400741522926,0.9989409897203224,0.0336254544991128,0.0021546638450842,9.452937898007375,-0.0178456553725332,0.0038348280882978,-1.0197233986628251,4.264303351504949,-0.6390375084350725,1.474806264029844,1104.884610865783,1113.6457917349856,1087.454508913186,1102.250310553098,-477.83509641783695,243.97875010280947,-449.08235674097256,-509.66200771118537,158.14344287775603
48.8375,-1.1442107592883384,-0.8818670946461667,0.2706445988516906,0.0421034390593165,0.0073820629053276,0.0314012763425327,0.0143729835145729,-0.0063902741892816,0.0432939823310682,0.9989382184884912,0.0331917059874835,0.0051847762501391,9.459651364016622,-0.0180577190296058,0.0034877097511702,-1.0205860329670564,4.264287701738017,-0.6389624408972093,1.4722498464234204,1103.489025765529,1114.488229144299,1086.2397108791267,1100.8761861073713,-680.6617733392769,446.7589704800036,-521.4396493418524,-596.7046234119738,158.1439384375437
48.84,-1.412135370839342,-0.7619267983605421,0.0795107790793584,0.0375982197368688,0.0039100324998499,0.0341610152348887,0.0143900675343397,-0.0063842040486052,0.0433501337025718,0.9989356064556792,0.0325028799784937,0.0080073054803014,9.465823612903101,-0.0182329062642628,0.0031737130622807,-1.0214167855801268,4.264274326132256,-0.638886303913268,1.4696873737099772,1101.4813019990847,1115.8795865873867,1084.847310666475,1099.2667874360363,-765.9910756991113,536.881446771029,-462.04721929661,-547.5624756858833,158.14446278682556
48.8425,-1.5879230430716709,-0.6385849995612932,-0.137802278702563,0.0329753358927608,0.0021750670659165,0.0352608808091915,0.0144007768705069,-0.0063575393470015,0.043405577282939,0.9989332348834926,0.0315879979664316,0.0106294057439474,9.471377625691394,-0.0183732320015334,0.002883572752457,-1.0222128655851508,4.2642632657909445,-0.6388087825308771,1.4671189244111744,1099.6590703870315,1117.1726363781559,1083.9294747826425,1098.1383737289405,-725.3262736488754,495.15276391770846,-285.5693548341929,-376.4662813515556,158.1448367243742
48.845,-1.6900190449247,-0.530679112863938,-0.3650460961934071,0.0281322181387411,0.0017395382630275,0.0340277491004477,0.0144081225309956,-0.0063156615628032,0.0434573709021398,0.9989311552024608,0.0305693870944952,0.0130623504904627,9.47624141106518,-0.0184902665556666,0.002607999216355,-1.02297325590273,4.264253015711232,-0.63872971215659,1.464546261465906,1097.8546706308439,1118.3553504069732,1083.4194638923057,1097.3844560292805,-750.955201512195,445.0436759576857,-115.58118450146593,-232.81949757212624,158.14514064669655
48.8475,-1.7199903904032128,-0.4556956066863989,-0.5855316089524367,0.022513095389327,0.0019738073087469,0.0305735047313278,0.0144100291720153,-0.0062656981965243,0.0435031820895834,0.9989294566930024,0.0295964684913108,0.0152282706154154,9.48035340174078,-0.0185977873139387,0.0023481297448758,-1.0236992751070466,4.264241412440662,-0.6386493935682558,1.4619721760987443,1095.9042943794686,1119.3978547579454,1083.3515688601349,1096.9742762410792,-655.5346891418878,297.29581832664985,64.77768646619876,-76.25062062944117,158.14541991364027
48.85,-1.673282448790072,-0.4491381818573962,-0.6960238189436384,0.0181669436311008,0.0020512279486971,0.0273858404033654,0.0144062303339395,-0.0062159032039154,0.0435445694330099,0.9989280260202266,0.0288387590842034,0.0170914370378963,9.483664040022903,-0.0187109752426577,0.0021017668484101,-1.024394778009286,4.264226896203036,-0.6385688498906751,1.4593988130313509,1094.5769971851328,1119.8418294986072,1083.7433523246368,1097.003202926133,-449.043999938248,85.60204474632484,241.1761051520363,63.04642092378621,158.14557871310788
48.8525,-1.5661409910591375,-0.4921180745210319,-0.7238089842463693,0.0143158674732711,0.0013029199740708,0.0247427722325387,0.0144013604772633,-0.0061670339158661,0.0435835021208127,0.9989267055517744,0.0283238038261243,0.018723840017307,9.486139061818488,-0.0188293783320068,0.0018564148752639,-1.0250662646058863,4.2642088815838255,-0.6384887176464011,1.456827936792175,1093.6590743797794,1119.8258649816767,1084.557449385894,1097.2895083456979,-291.5951523866952,-68.76021939598225,386.6959042227632,133.5959629757097,158.14565819253443
48.855,-1.4213704669756686,-0.5597284893590295,-0.6949182791187453,0.0110460299018955,-9.912561279738163e-05,0.0225958379989111,0.0143958559490696,-0.0061167760584242,0.0436208878879471,0.9989254626457004,0.0280124481774721,0.0201284435026899,9.487764759857306,-0.0189455487485459,0.0016083938077321,-1.0257221745843423,4.264187639747036,-0.6384096996517507,1.454260938813553,1093.1190214231983,1119.4980284016272,1085.6768318457516,1097.671182741012,-124.73093816404784,-175.19328663634175,507.9956112320035,151.69700698644615,158.1456704523895
48.8575,-1.2439007741369998,-0.6354081895643445,-0.6227861732993936,0.0084698660044812,-0.0018979624747722,0.0210252678624694,0.0143911497068106,-0.0060679412729951,0.0436562495062777,0.9989242800227977,0.0279579993390687,0.0213297482402541,9.48854760267984,-0.0190627228894879,0.0013529769580545,-1.0263718453031767,4.264164215260509,-0.6383323782407778,1.451698031449902,1093.0354196889589,1118.9498985484945,1087.0974274420553,1098.0479933806305,58.07863737050691,-246.37541703409292,673.0347012751035,148.41870343025076,158.14560050534428
48.86,-1.000387772910282,-0.7130440957403003,-0.522460484185002,0.0059450477235442,-0.0040035490574936,0.0196889240896463,0.0143886581782592,-0.006023055792487,0.0436914753361755,0.9989230421432028,0.0282028352574793,0.0223577601150712,9.48851617969892,-0.0191838700366569,0.0010860187547113,-1.0270248492134115,4.264140004778437,-0.638256350318799,1.4491387007347722,1093.4094146100508,1118.2661513164578,1089.042005352124,1098.4132762581623,201.7333778020989,-226.16915797327488,734.3272353045331,120.32911192344028,158.14542080623076
48.8625,-0.7690900045087194,-0.7540081210832378,-0.4520432685398231,0.0038551492354094,-0.0056938721676958,0.019023334618495,0.0143900549822374,-0.0059843254567416,0.0437270850012488,0.9989216941063148,0.0287778572714804,0.0232516376324859,9.487721021187827,-0.0193119167982864,0.0008032251392482,-1.0276901584658769,4.26411636776032,-0.6381806630447102,1.446581147037066,1094.04408657797,1117.8190527586275,1090.7690636185798,1098.649638940248,298.22075037817035,-131.02940877636345,690.1456474614968,94.52097009297795,158.14519127321623
48.865,-0.4995962187555481,-0.7560271673900789,-0.4183055869916934,0.0015778931693461,-0.0077975653915654,0.0188712997908519,0.0143953362740898,-0.0059533491273963,0.0437582793025016,0.998920441189406,0.0296955264145453,0.0240215991810002,9.486234046689953,-0.0194490490165945,0.0005039930427416,-1.0283754862274916,4.264093780152513,-0.6381047289055012,1.4440241892073336,1094.9005183619424,1117.6110042725757,1092.492733589433,1098.8858811086277,398.9018074003969,-26.32742513612932,735.5113270654196,128.51619081714355,158.14487959629753
48.8675,-0.1296673641725928,-0.6997068141166886,-0.4322397284248769,-0.0003662990539262,-0.0107172548004802,0.0188360197592076,0.0144046983519219,-0.0059292247348743,0.0437813864774986,0.9989194478086056,0.0309163723487779,0.0246845046989977,9.484145934347266,-0.0195925983948082,0.0001876339921521,-1.029086908389022,4.264071387086154,-0.6380282980872822,1.441467154930105,1096.03859561497,1117.687415632947,1094.4466202539036,1099.2922198943331,415.091427191343,82.31452603118096,686.3725863342223,185.39756691606792,158.14441212348643
48.87,0.2074773618155027,-0.6008958373288442,-0.4848976173398206,-0.0008493120075812,-0.0128505061972567,0.0185343512441689,0.0144236295546603,-0.0059187280248237,0.043796002505773,0.9989186077562676,0.0325469112937028,0.0253502235551786,9.481560284766855,-0.0197562098498958,-0.0001559877547274,-1.0298281595188663,4.264048202346097,-0.6379525479807258,1.4389080856009187,1096.9759754979002,1118.0225769027315,1095.924596521106,1099.8128689432083,351.44176835942955,186.95241515337767,552.7360992478763,254.80870085216944,158.14394595924995
48.8725,0.5510260226614476,-0.4553754249480327,-0.560345570945596,-0.0001832150574821,-0.0142490078153507,0.0176371305196579,0.0144516006239989,-0.0059261795130958,0.043803667897062,0.9989178313069856,0.0346387367119529,0.0260140942760738,9.47859484600592,-0.0199480306619687,-0.0005240702471949,-1.030600934802404,4.264024062039852,-0.6378789261754014,1.4363452398774688,1097.795804456768,1118.6221777087144,1097.2103007501444,1100.5662633985946,315.89729951043944,320.79968968657414,516.0640298378586,377.74093000892,158.1434016738723
48.875,0.9347043836830096,-0.2426183386884533,-0.6423526392393571,0.0018979881929133,-0.015299361874458,0.0157641967473452,0.014484481730714,-0.0059504869122252,0.0438079932230956,0.9989170233021266,0.0371353524797299,0.0266039492525635,9.475377272237527,-0.0201648880218377,-0.0009061653904944,-1.0314051680455127,4.2639995500249945,-0.6378077814630837,1.433777657221044,1098.5554619954507,1119.6265753511632,1098.5049166702931,1101.7015735932512,234.41298687083363,412.74591871448393,428.1318881293629,438.1727399648645,158.14265959181367
48.8775,1.2021148086817315,-0.046464360749938,-0.6765752669445849,0.0046598998480316,-0.0157897474581717,0.0135320148249597,0.0145179667638091,-0.0059870373000488,0.0438146032746158,0.9989160253249484,0.0399118479335487,0.0270424241256052,9.472040036141374,-0.0203965393155004,-0.0012912655420099,-1.0322392990755067,4.263974565772696,-0.6377389951130538,1.4312049619047,1098.9678693911212,1120.6859073022847,1099.3509601907892,1102.7571270984167,119.10855489116602,464.1972069543398,279.87169196029987,416.5458414055281,158.1419679215609
48.88,1.3828872837489987,0.1525255949973722,-0.6499603185435102,0.0082029005964757,-0.0159232186569756,0.0105994713150238,0.0145474365564167,-0.0060319626484365,0.043824979350675,0.9989148620606056,0.0428561071878874,0.0272402976726035,9.46871641551147,-0.0206346588616189,-0.0016675641636207,-1.0331005339207444,4.263948635339322,-0.6376730356390357,1.4286273218872492,1099.151004769907,1121.947561385936,1099.9042751300951,1103.78430280028,40.81236713712046,531.2124465862792,162.97752576225167,383.1739581276765,158.14120102960345
48.8825,1.47174892716616,0.3389631941022983,-0.5660596223538713,0.0120288693263453,-0.0156981751832789,0.007553706303394,0.0145712291718568,-0.0060849704838379,0.043838654578737,0.9989135809185178,0.0459260295480682,0.0271558740195446,9.465535769570304,-0.020878992787112,-0.0020291906432825,-1.0339851478232072,4.263923090897836,-0.6376098857742766,1.4260449388960517,1099.1719312268067,1123.3419695352177,1100.165847819601,1104.6729968890563,-19.055768978859355,578.4248335214472,23.649459940928544,298.08322722496814,158.14037224376582
48.885,1.43200751580496,0.487640132737154,-0.4268310715021038,0.016068652288112,-0.0146910583702345,0.0054196745140304,0.0145891407110278,-0.0061428674476446,0.0438536277546164,0.99891229475268,0.0490265316225445,0.0267722127835397,9.462622167099648,-0.0211238560466144,-0.0023740286947691,-1.0348891600090027,4.263899323746276,-0.6375484575053336,1.4234575355813768,1099.055725925013,1124.8396855535407,1100.0225224298,1105.2747189364036,-65.35093699132015,666.4376879189832,-161.75570771420917,177.33537966782956,158.1394692487947
48.8875,1.2226850089262116,0.5904320319389456,-0.2374794359425663,0.0212848294462121,-0.0122042174918754,0.0046832492273067,0.0146045042365606,-0.0061994654865738,0.0438659510462011,0.9989111671136428,0.0520102755422546,0.0261371846455583,9.460091635652404,-0.0213579483660516,-0.0027083004148276,-1.035808723613299,4.263876862442342,-0.6374871709829248,1.4208658636791032,1098.84517654185,1126.6741579748143,1099.3570692810295,1105.559673787396,-77.40527183946729,665.765528360294,-318.786251705497,24.58221734562919,158.13830026177527
48.89,0.9162691986933909,0.595274534599395,-0.0969804527095076,0.0255743926052446,-0.0093457958365134,0.0055441753276763,0.0146186217869514,-0.0062549097383874,0.0438730558730437,0.9989102909567004,0.0548501983550495,0.0252513113935803,9.45805105225005,-0.0215828164249701,-0.0030341801083286,-1.0367401244768244,4.263855135406504,-0.6374248848313441,1.4182705085579168,1098.6686995658151,1128.1685131953438,1098.4285911712716,1105.3976300231316,-60.775011005362806,572.0976160381471,-422.916865096452,-146.74996396674646,158.1372552791138
48.8925,0.4999438604605245,0.5134710465357806,-0.0049030609047757,0.028797592243182,-0.0067492209188065,0.0072243286399365,0.0146326776631897,-0.0063073192297414,0.0438757730624709,0.99890962566501,0.0574835287440642,0.0241120212632959,9.456597492300592,-0.0217955106193132,-0.0033543060252983,-1.0376803819817833,4.263833843261802,-0.6373613547371375,1.4156724626069928,1098.5413014868236,1129.5346460550024,1097.2424849555491,1104.8259239675629,-38.96770681128881,544.4396467267268,-531.2133489084783,-334.4688822961524,158.13613740898543
48.895,-0.0612832674745572,0.3402044521747623,0.0462608621160679,0.0301311704615195,-0.0049914732525486,0.0086874321511665,0.0146420914674983,-0.0063508805096327,0.0438743597881004,0.9989092650964284,0.0597711959809646,0.0226100293872071,9.455819627133527,-0.021984057627064,-0.0036600966030625,-1.0386275161077363,4.26381212259746,-0.6372971014199816,1.4130730222865262,1098.4738610317588,1130.8907114289789,1095.7725244267278,1103.72528561165,-9.570999456168115,427.46449661504766,-502.72978949735005,-457.5608993901757,158.13471276028562
48.8975,-0.517466533383463,0.163473548954285,0.0578312931384304,0.0285396379468226,-0.0047582929795103,0.0087036975155141,0.0146401288290005,-0.0063813255148016,0.0438681211131934,0.9989093688188304,0.0616045958815514,0.0205945047739863,9.455794921777368,-0.0221390974883194,-0.0039384670981194,-1.0395802382068968,4.26378888338164,-0.6372333512990865,1.4104740275772405,1098.4934464895427,1131.6719685380788,1094.728836008061,1102.5381194706108,22.985290644121942,213.81108773376928,-329.32718255040464,-505.91033929936737,158.13345721256383
48.9,-0.8898260093489945,-0.0104170479708574,0.0679464115467141,0.0248952663842958,-0.0052386525228657,0.0078737005476426,0.0146227008624779,-0.0063947590212421,0.0438590639075591,0.9989099353530356,0.062887814780672,0.0179659507104167,9.456587509722825,-0.0222519272707229,-0.0041816558113889,-1.0405376441738343,4.2637636183420895,-0.6371713933045094,1.4078776933138704,1098.588787484979,1131.9597668676467,1094.125888513977,1101.1957339151556,59.675792967360785,-9.85289266972764,-121.03949434866256,-591.31593439776,158.13213218816682
48.9025,-1.1863846978029289,-0.1841984517331258,0.1029100426080605,0.019909788151617,-0.0058303322616145,0.0070338185032002,0.0145936697643276,-0.0063994466804872,0.0438479879488868,0.9989108168274335,0.0637649187349552,0.0147683418036546,9.458243719351279,-0.0223398427715174,-0.004397356531034,-1.041498040414796,4.263736745775544,-0.6371118861624234,1.4052825601384396,1098.7918254543797,1131.62270407473,1094.1236385363175,1099.5815397986205,90.65059948047656,-242.87348869180585,132.431093192577,-565.5624523587284,158.1304638776259
48.905,-1.2944560696199368,-0.2831227380566436,0.1557724595909852,0.0158871070538078,-0.0064411897761936,0.0069129446023289,0.014556895538837,-0.0064052501293289,0.0438342584544206,0.9989119184510756,0.0644143238663504,0.0110492662973956,9.460795737667617,-0.0224237819051267,-0.0045933724514617,-1.0424588571191793,4.26370910951348,-0.6370546621976854,1.4026854530942092,1099.042040482382,1130.745399424187,1094.7880439799403,1098.3679216533603,118.75105640676225,-462.7818166059231,393.8051561485225,-429.520414598464,158.12901010831615
48.9075,-1.2644607355830044,-0.3169915474626027,0.2277968292271524,0.0122012058679622,-0.0075988680624219,0.0075312399575846,0.0145146378153415,-0.006413377164552,0.0438187100049939,0.9989131584912948,0.0648544881599652,0.0068397325187635,9.464263158419966,-0.0225069510996516,-0.0047753686168696,-1.043416813159438,4.263680907313036,-0.6369990855881532,1.4000839806035683,1099.3855807364127,1129.3087949917024,1096.0926643170583,1097.43393772563,152.7958395041551,-642.7571530934879,601.1901524979402,-312.4635909617375,158.12749275853113
48.91,-1.135649045441406,-0.2867688227087843,0.3095132188819344,0.0088147234270212,-0.009376342533061,0.0083998386377255,0.0144736093026772,-0.0064237739830702,0.0438039752473374,0.9989143217989416,0.065089167136171,0.0022641616182628,9.468649170164445,-0.0225908308507919,-0.0049589952886947,-1.0443676001346949,4.26365249656733,-0.636944144438576,1.3974776526603292,1099.806019679903,1127.531613658718,1097.7939947424316,1096.805603698551,183.71554485629224,-747.4613625982597,725.9111401549413,-172.34283615053124,158.12592465011187
48.9125,-0.9153414042458617,-0.1783247888135296,0.3980905732616831,0.0057746664304856,-0.0114052295969967,0.0090178582832126,0.0144384916709044,-0.0064333426995454,0.0437926127406601,0.9989152485077458,0.0650687331269067,-0.0025789585994453,9.473942398210546,-0.0226709393194845,-0.0051566894303202,-1.0453063414502046,4.263624503464126,-0.6368890158191755,1.3948666086621895,1100.304158460695,1125.5714881787092,1099.7222200178348,1096.572223544877,230.8521980174017,-837.9070857447349,826.0901033502943,-22.713065352829936,158.12429798157677
48.915,-0.591717562590594,0.0185037879773403,0.5056510219878689,0.0029773805073795,-0.0127012006043618,0.0096802024762132,0.0144075157512385,-0.0064398750115417,0.0437883078707014,0.9989158191304756,0.0647612966171972,-0.0077027666877025,9.480117138379969,-0.0227445683621102,-0.0053679780949167,-1.0462278466354509,4.263597488384119,-0.6368335292908026,1.3922508424427833,1100.960280669989,1123.342078229998,1101.9244452591795,1096.692038371787,246.0379875726736,-752.0053223839813,737.8079952260896,90.52831577764579,158.1222820517675
48.9175,-0.3146080718660054,0.2042305633244479,0.5860299634272854,0.0017615404833905,-0.0121379539267597,0.0107947899341386,0.0143791404111453,-0.0064421796154853,0.0437949991499297,0.9989158956264996,0.064160887458547,-0.0131047336612273,9.48713150343971,-0.0228115679617516,-0.0055932990731067,-1.0471268878913038,4.263571754574661,-0.6367775280963531,1.3896316154079384,1101.534348398559,1121.8114615667876,1103.4112599939672,1097.0248651237655,233.52514671343548,-505.3177386093154,478.3185952208722,148.82086228646247,158.12055184924216
48.92,-0.0850493712888421,0.3675094252271705,0.6386082922517605,0.0018806951207452,-0.010019104211709,0.0127759097735532,0.0143513212123768,-0.0064370593749437,0.0438120300178852,0.998915559668933,0.0632296398288224,-0.0187770605106693,9.494928852548583,-0.0228678654894534,-0.0058327598912662,-1.0479986040648748,4.263546698095105,-0.6367211723397885,1.3870106256280397,1102.1279064035568,1120.8154895369503,1104.316038235285,1097.4361426832195,269.7263448371084,-295.6949648651932,243.49706494930933,160.83038885945902,158.11877338503032
48.9225,0.0764072750945672,0.5035528341064714,0.6520241895760552,0.0034259279516125,-0.0069448244228988,0.0155637135066919,0.0143238596426527,-0.0064330567473242,0.0438350994311782,0.9989149463358536,0.0621604892008748,-0.0246734486825811,9.503435953174236,-0.0229342689453808,-0.0060896194119817,-1.0488379229778273,4.263522518265493,-0.636665187500332,1.3843880474766372,1102.8829801227432,1120.3329867424627,1104.6287453187126,1097.829017068062,289.72511064661103,-62.695092321259594,-6.988634454634002,107.34128787920748,158.11658837311575
48.925,0.0858445054193655,0.5629979062377016,0.6181807675345001,0.0055408951504732,-0.0048378391605897,0.0175845748956214,0.014300351419952,-0.0064348040454844,0.0438605278613567,0.9989141356107628,0.0610816910412511,-0.0306595097637925,9.512567127532977,-0.0230236825802831,-0.0063756046170925,-1.0496402008708865,4.263499760501256,-0.636609648322555,1.3817622959732416,1103.5765319567906,1120.5020140753438,1104.281095063012,1097.972849122616,296.2697402954594,163.8512965457338,-235.13638395635803,12.780009807686664,158.11472903081668
48.9275,-0.0437514145345853,0.5814958548149745,0.5440278498290634,0.0077236550479591,-0.0034770663494695,0.01897898263254,0.0142855685215785,-0.0064368667609137,0.0438858674106674,0.998913200249662,0.0599361315319966,-0.0365580061143927,9.52222815799952,-0.0231277053688341,-0.0067059413121213,-1.0504016011220243,4.263478225850958,-0.6365535167009996,1.3791317836575598,1104.3643288242213,1121.152243225192,1103.4530633989302,1097.8929171171003,367.48753669491407,361.36795049979935,-422.639889573086,-70.04973573218199,158.1128346463707
48.93,-0.3281311085453606,0.5826487785831511,0.421295136645078,0.0091858302821187,-0.0023823180268234,0.0199982030070532,0.0142789164257218,-0.0064335508625813,0.0439076817776728,0.99891233863522,0.0586603738097176,-0.0422829485376433,9.532318382463739,-0.0232363631702382,-0.0070846529651655,-1.0511190382828195,4.263457398271714,-0.6364954194235452,1.376496631238676,1105.4139696402635,1122.3088538278412,1102.1678956151484,1097.6226004439554,395.6944621343404,461.56800854454593,-477.1454326924701,-102.27592963396316,158.11052639795648
48.9325,-0.6226595407885565,0.5818643845191274,0.298186962115785,0.0083689607975607,-0.001755347762366,0.0204704204491431,0.0142813252766442,-0.0064188607074226,0.0439234126223208,0.9989116927672844,0.0571876899075672,-0.0477110272507757,9.542731894698608,-0.023338437026215,-0.0075186464349859,-1.0517904903882511,4.263436339060954,-0.6364346338182204,1.37385804657632,1106.342801134894,1123.460083267916,1101.0673362354667,1097.3815374689304,370.66029998503967,476.5443532137687,-399.2600790169266,-60.5506832973478,158.10857710265444
48.935,-0.9015581314469068,0.5876633000089089,0.1561654543313225,0.0049805995350744,-0.001182881798427,0.0207642722211181,0.0143013104863496,-0.0063969927035006,0.0439318579260622,0.9989111663986326,0.0556513390350299,-0.052577534485387,9.553357870062893,-0.0234439825745603,-0.0080289996026378,-1.0524147423064802,4.263414714195796,-0.6363711649225045,1.3712174174255691,1107.2672711401897,1124.6915755939112,1100.1715952200627,1097.3198470274683,391.8548246936933,544.0844915907693,-305.09319695634537,56.98658321276251,158.10660423730914
48.9375,-1.1442277209913128,0.5953347759893345,-0.0396329274741923,-0.000640015473921,-1.9987563040356966e-05,0.0210834772017173,0.0143377100202636,-0.006374520877506,0.0439334404953107,0.9989107152285748,0.0542195950583616,-0.056802545053185,9.56408844986019,-0.0235663205179542,-0.0086148389427874,-1.0529921996555551,4.263392960693315,-0.6363063563269576,1.3685761614333736,1108.3020752583607,1126.1805057258673,1099.5418702506863,1097.666470384994,359.68683042343366,539.3534493724377,-137.8936210775809,218.07101771479944,158.10421209792452
48.94,-1.242575652046412,0.5883503794821757,-0.2273157623201632,-0.0052072259196102,0.0016362806615377,0.0213594927517069,0.0143787353224861,-0.0063562994621168,0.0439303758521047,0.99891038047444,0.05301452221862,-0.0605107536941066,9.574822229836222,-0.0237133090651434,-0.0092511890655108,-1.05352511379751,4.263370670825513,-0.6362423111443058,1.365936122774245,1109.0657052923052,1127.3883428407707,1099.4821271146754,1098.4102021160415,280.0355550315021,464.1985767908308,80.44864619278519,397.69005665878126,158.1021991890656
48.9425,-1.2339227170301827,0.5491779392560993,-0.4386133837798628,-0.0086286830898228,0.0037918949259074,0.0215474457186031,0.0144124181435221,-0.0063477076789048,0.043924882546639,0.998910205833018,0.0521616340185452,-0.0638387264114002,9.585464729465038,-0.0238930492186458,-0.0099105259671692,-1.0540170764652514,4.26334730522189,-0.6361802923245314,1.363296805364302,1109.702253033519,1128.5014986098226,1099.9441134816504,1099.6549206682887,231.4538613308012,415.66833109974704,266.57924132955486,569.3117564415659,158.10016656194557
48.945,-1.151835881526199,0.475764209181879,-0.6585767176053082,-0.0110442602340105,0.0058991513684035,0.0214553787533499,0.014432628783027,-0.0063488588257941,0.0439186623590985,0.998910206162408,0.0516822102075167,-0.0668190532043904,9.595930880789975,-0.0241023178890623,-0.0105759973483608,-1.0544728191870463,4.26332246633742,-0.6361211474946812,1.3606580722406776,1110.2229745989598,1129.4666844962708,1100.815023321324,1101.2567608982508,177.7969560688942,327.3768590843496,429.15192494508955,695.8542331869884,158.09811730376376
48.9475,-1.0000593838557552,0.3643851510432215,-0.8591846266853329,-0.0128730544538822,0.007229214868508,0.020592060449382,0.014443006283631,-0.0063645583651859,0.043916665625244,0.9989100798117168,0.0516852144635113,-0.0693169838486614,9.606144910581875,-0.024348014305049,-0.011248812024214,-1.0548972993327623,4.263296247158636,-0.6360656103375281,1.3580201250530453,1110.5912378138623,1130.138382905243,1102.089873106374,1103.1341918342207,122.42834089454948,197.2661075071656,617.0431831315935,836.6341833553446,158.09604693366273
48.95,-0.7498572281380198,0.2023973556789715,-1.0184041955624834,-0.0150155061112384,0.0079615742179898,0.0179083203196768,0.0144475987171856,-0.006389380320334,0.0439239020949701,0.9989095828600248,0.0520724076729881,-0.0712002972719731,9.616045418010069,-0.0246150628961349,-0.0119302742768653,-1.0552962661192464,4.263268805752163,-0.6360146931841507,1.3553838321652392,1110.8351163034329,1130.453015033807,1103.9002392369835,1105.4399318150297,53.02566188822327,18.71792137420877,674.5169815869946,813.3565463889613,158.093536366963
48.9525,-0.4864799381970323,0.0569097536336521,-1.0330113351226669,-0.0167264720911229,0.0085123213578561,0.013778592669087,0.0144488919523851,-0.0064096552126525,0.0439424270557794,0.998908674687688,0.052573785476625,-0.0723816941386121,9.625585728283209,-0.0248705778003097,-0.0126179103957233,-1.0556758534202833,4.26323985300222,-0.6359693733714211,1.3527497474673078,1110.8563661233038,1130.231972512114,1105.4624580143106,1107.2009745661676,-31.51058540327677,-188.44766606438355,586.9247990149569,629.2395261915583,158.09142144764417
48.955,-0.1674830064389078,-0.0826345765525925,-0.8792910615711961,-0.0182802288327808,0.009171355237301,0.0079701628720976,0.0144467006992621,-0.0064211072957255,0.0439713271398476,0.9989074242319402,0.0530855053805063,-0.0728571646211461,9.634730864190132,-0.025101128131273,-0.0133019855995148,-1.0560413151005783,4.263209306224405,-0.635930275761422,1.3501169812336316,1110.6775633764166,1129.510776703486,1106.8348632320556,1108.5861294459846,-121.81600192050745,-405.41033221831816,505.6769440696058,492.1821900306196,158.08928212401287
48.9575,0.2676224331941359,-0.2140116808972611,-0.501930201737829,-0.0191153495803854,0.0091655646466806,0.0017613626312021,0.0144400012368578,-0.0064258462546361,0.0440094222763935,0.9989058853133748,0.0536145927903484,-0.0726692948911844,9.643456688255728,-0.0253067986760066,-0.0139701586419924,-1.0563966787866699,4.263177119945845,-0.635897094739942,1.3474847652127975,1110.2472861137007,1128.2049208510211,1107.99084273466,1109.661885516322,-185.5434925711012,-516.3069717658888,312.4412296352823,290.41393507098894,158.08668642197827
48.96,0.6536742469709658,-0.264585392964348,-0.077703896654873,-0.0181747552451549,0.0079850022007128,-0.000134304136024,0.0144335784772522,-0.0064253332034188,0.0440552197257255,0.9989040480551238,0.0541506539700755,-0.0717727521500299,9.651748511164897,-0.0254872286111712,-0.014622803607316,-1.0567445556424255,4.263142895640995,-0.6358689682468797,1.3448524602088898,1109.7498459135606,1126.9292418446553,1108.3970693802328,1110.0381991213403,-209.40404428011732,-496.3474299797748,31.07936718564004,54.34743025175916,158.08449974863703
48.9625,1.032406068401906,-0.2216735469413605,0.3605853767276598,-0.0154125275647292,0.0059772292627371,0.0020965996131785,0.0144341827469268,-0.0064179327842284,0.0441057093881976,0.9989019619136896,0.0546171973011119,-0.0701042071999746,9.659600027927032,-0.0256363669027765,-0.0152657415241567,-1.0570861500345217,4.263106298907922,-0.635845327608425,1.3422191092393907,1109.200265892301,1125.7231837011248,1108.146239570588,1109.9336226675805,-222.1102984198524,-456.5483414276906,-252.54666557394367,-123.84745774063988,158.08228927168227
48.965,1.447876317741684,-0.0460812620891516,0.7941455065698007,-0.0111047325463764,0.0032117133043341,0.0070312626007333,0.0144452694978045,-0.0064004393287108,0.0441599927718151,0.9988996391959464,0.054898094223495,-0.0676824384921845,9.667011660993102,-0.0257455265046795,-0.0158993059680091,-1.0574212900065458,4.2630674187345035,-0.6358248581870611,1.339583606297204,1108.6392944214608,1124.6465001375157,1107.1343360523624,1109.4189618326368,-161.97154087272693,-303.4391069614497,-466.23784678948846,-221.8527545106328,158.07961058052433
48.9675,1.74884948636943,0.1915585823989506,1.0314128176582564,-0.0076016038775166,0.0011102452606884,0.0113368920630768,0.0144694387441616,-0.0063780400911109,0.0442191931087011,0.9988969580443622,0.055034791312449,-0.064566181342303,9.673986529975267,-0.0258250081451667,-0.0165228697336217,-1.0577479753410848,4.263027859210936,-0.6358066869375169,1.336943777194822,1108.3904081879373,1124.2059881663167,1105.8150503366392,1108.8243588950268,-23.23865840942129,-68.61132210803463,-587.1816760137218,-234.1183818060782,158.0773580021647
48.97,1.9907148125925191,0.4745407972688258,1.1249559068309496,-0.0042113581378449,0.0007365319261182,0.0153137517368288,0.0145055086821981,-0.0063604978048006,0.0442847712516137,0.9988938031204851,0.0551536525933891,-0.0609029696595316,9.680529857878495,-0.025895980128387,-0.0171292608608972,-1.0580630437911627,4.262989810209505,-0.6357903570307428,1.3342981087272143,1108.5231011294138,1124.3034435269756,1104.1984276722965,1108.2483699236075,132.8299099929839,121.14390528429963,-664.3172570547689,-204.4644484510036,158.0750864121782
48.9725,2.1665041086154058,0.7359147141335347,1.1109391332806071,-0.0001802349191448,0.0029959688490024,0.018951984827252,0.0145481021726203,-0.0063538800919808,0.0443568171408144,0.998890198387544,0.0553088515046983,-0.0569251084639203,9.686649366417024,-0.0259728813554785,-0.0177048376656519,-1.0583632435495025,4.262954468494015,-0.635774825527461,1.3316475333213056,1109.0545577379023,1124.8117076927383,1102.4934640513638,1107.8020366527712,314.86503582134253,279.70028864423756,-669.579985689846,-132.03416036219616,158.07280076362787
48.975,2.227292118192095,0.8974686684380915,0.999205315685262,0.0054203336120466,0.0079175060215339,0.0217748009510334,0.0145898705569078,-0.006357380649735,0.0444318391692498,0.9988863899341124,0.0554253299902383,-0.0528985246031045,9.69235501268916,-0.0260565531448551,-0.0182346147837672,-1.0586460072628567,4.2629220588793215,-0.635759588259581,1.3289933636163884,1110.097426308521,1125.7019449701977,1100.8505277438455,1107.588199121796,563.814142411742,443.59811622707053,-676.642412095886,-37.9009289753757,158.07050031817877
48.9775,2.11779427424386,0.9201449240181092,0.8048282807264179,0.0136894534068842,0.0139615846966628,0.0238398582286337,0.0146245475770533,-0.0063672362671493,0.0445053034413646,0.9988826596866146,0.0553789439298791,-0.04906158432021,9.697657894045536,-0.0261423675486007,-0.0187082274499173,-1.058909676188023,4.2628917408338,-0.6357446760475085,1.3263375891875786,1111.8736284499587,1127.0296982738719,1099.1102519908875,1107.6125320078943,714.0848410295333,504.7486251474912,-585.7159451775448,48.02590372439498,158.06772557801622
48.98,1.8527341454248811,0.7964487410793009,0.6300521898234299,0.0209922223538237,0.0175134641297985,0.0245112090813737,0.014654213469289,-0.0063844946620158,0.0445774541672781,0.9988789061379114,0.0551546295797042,-0.0454858342974739,9.702568049744473,-0.0262369981204219,-0.0191342849633217,-1.0591530990945823,4.262862777488912,-0.6357300752320627,1.3236816814369468,1113.6678505136708,1128.2256880959364,1097.9219480179563,1107.8283286404182,740.2115372219066,472.8279748906371,-413.43824548809374,112.99410514510458,158.06540366686306
48.9825,1.4165909342415814,0.5611565297109334,0.4740312240903297,0.0272073796588437,0.0192460505185254,0.0247004392430917,0.0146827877574449,-0.0064103259385865,0.0446517202340299,0.9988748894535407,0.0547518944830617,-0.0421930065591281,9.707097166834528,-0.0263476156999178,-0.0195270247252423,-1.0593761678081628,4.262834629949313,-0.6357151573463453,1.3210247755831999,1115.57468613607,1129.3938381483263,1097.043060763446,1108.1775025336203,808.8439278729846,488.3495593973188,-311.72472061831445,170.9528751164916,158.06307452594265
48.985,0.7571973858146523,0.2091850284568166,0.3229133281990358,0.0314879266331229,0.0196570173788386,0.0251044924785105,0.0147120446485646,-0.0064467871285133,0.0447288434035564,0.9988705939718188,0.0541976751817106,-0.0392287785790722,9.711260393768884,-0.0264829026573057,-0.0198978672723763,-1.05957995765826,4.262806069759293,-0.6356976144784231,1.3183663804843555,1117.712070153032,1130.6674358929208,1096.363324414866,1108.683093016,720.6602765073008,437.2341332141369,-183.0917385533185,195.64016754319704,158.06027457735644
48.9875,0.1626397476376994,-0.1020109560621657,0.2255376177865984,0.0320031514319393,0.0189382429818395,0.0256640911146961,0.0147352144747442,-0.0064942049407412,0.044807918292978,0.9988662050903216,0.0534902136706129,-0.036781882511376,9.71507940780463,-0.0266468257344239,-0.0202417077144747,-1.059767217552653,4.2627771746197975,-0.6356758245523163,1.3157086927498087,1119.1779875186085,1131.580008814398,1096.127602070679,1109.1557033713368,486.84584589166315,331.07416931940287,-16.43076510685274,202.04191097553695,158.05793972533775
48.99,-0.394859208047978,-0.3963895831841846,0.1500314368922797,0.0301485283977078,0.0176762220871282,0.0261361514521531,0.0147506080257177,-0.0065444037172216,0.0448849892658664,0.9988620055964595,0.0524792790893975,-0.0349121066259687,9.718581757867794,-0.0268255278421821,-0.0205658315441003,-1.0599421253565315,4.262748419866754,-0.6356494423142232,1.313053328759437,1120.1462993824916,1132.3228067395187,1096.2811705893319,1109.693302570878,291.34700252038,292.8325492144657,173.58123552155448,259.43606131359905,158.0556064966116
48.9925,-0.9464259294981516,-0.7051609341110519,0.0748638832308844,0.0262581460629372,0.0158935926949172,0.026478560533582,0.0147619381508915,-0.0065926173446407,0.0449565060372588,0.9988581477804428,0.0510968161509043,-0.0335538963524221,9.721799408389668,-0.0270125411108868,-0.0208885551355964,-1.0601093749920265,4.262720131887467,-0.6356189533781001,1.3104013692483467,1120.634722531209,1133.044171560469,1096.995508248286,1110.4528836779036,67.32805914040193,244.1565159395965,361.88378924393544,302.4767695664922,158.05281247296395
48.995,-1.2759212874271049,-0.9127296047829428,0.0182806092129529,0.0221866057382411,0.0138060756703788,0.0267350964986569,0.0147707967123105,-0.006633416766514,0.0450196226793356,0.9988547824474872,0.0492704951815835,-0.0326597950308297,9.724771146836378,-0.0271993217204619,-0.0212228930041738,-1.0602742309001578,4.2626923628250735,-0.6355859523902881,1.3077528065609372,1120.4829396781938,1133.5435893192173,1098.0905895355525,1111.2056864187111,-158.9974765309858,188.156410654614,548.9852039138361,325.67800169978614,158.05049204320184
48.9975,-1.4576103644579763,-1.05644060571213,-0.0387256654638855,0.0177589723605731,0.0106872228961661,0.027103738553251,0.0147780229566015,-0.0066555869916975,0.0450724614345371,0.9988520579862248,0.0468240476026011,-0.0321716494655972,9.727542589697986,-0.0273643731902076,-0.0215792962460159,-1.060442185094498,4.262664537760178,-0.6355512076843602,1.305107110077012,1119.8397351485537,1133.9849536137426,1099.7404342678565,1112.0812736864032,-314.68776009229686,170.0843483886002,747.565997724039,363.6019816519944,158.048183659495
49.0,-1.5237129792148092,-1.1435439534236131,-0.0978486252307499,0.0134747390557387,0.0069931114918185,0.027385127672465,0.0147782172200747,-0.0066551684576558,0.045113730132234,0.9988501346852446,0.0437243252706772,-0.0321420500846029,9.730164269124685,-0.0275002392776957,-0.021952302754589,-1.060617999054758,4.262636275804748,-0.6355153827162495,1.3024633087390929,1118.9095008777335,1134.3940110611595,1101.8284195241692,1113.0236963269697,-403.5244346120666,152.29313350892178,918.9879365798051,377.069869536469,158.04588826556136
49.0025,-1.4729420978593883,-1.1716130867684351,-0.1553932820420382,0.009703036318677,0.0035399998002222,0.0272820552037562,0.0147673795769403,-0.0066314011880038,0.0451427595114443,0.9988491022288204,0.0400075443822957,-0.0325865832490659,9.732688896075254,-0.0276056142834638,-0.0223367365270208,-1.0608051370217753,4.262606826246707,-0.6354794846639011,1.2998211372558524,1117.8221129754952,1134.7464192812863,1104.335373950751,1113.966623034084,-463.19642731304106,129.9944560870034,1148.6872869091292,389.9844535543076,158.04361235215129
49.005,-1.3140661417609447,-1.165541944661236,-0.211278556344232,0.006014427170229,0.0004950832045156,0.0267052657811208,0.0147492530604293,-0.0065892114261323,0.0451595767511129,0.998848864053942,0.0358314352313803,-0.03336729176828,9.735167522750968,-0.0276912867201802,-0.0227406707893595,-1.061004976788729,4.26257624524194,-0.6354451046165943,1.2971797649957233,1116.5935187411671,1135.0439833415949,1107.5718559587178,1114.9736185947422,-404.488607131791,77.81799819090905,1173.290175666434,331.7116204043609,158.04090895747248
49.0075,-1.126586785804558,-1.151131188707988,-0.237447653077435,0.0034603330765013,-0.0012195342142997,0.0259569108453758,0.0147257891953075,-0.0065372985681089,0.045167083813002,0.9988491952138032,0.031427716747899,-0.0343811663221809,9.737649588855891,-0.0277753274784485,-0.0231652664363632,-1.0612170961186576,4.262545286778998,-0.6354143832395194,1.2945373296130722,1115.7996699398352,1135.1355092722413,1110.2018248290865,1115.6251811361067,-242.15590813154645,-4.612865955282008,968.8673964015096,208.35713441252517,158.03868317493084
49.01,-0.9080376392032716,-1.1444125571335868,-0.233388395207531,0.0011866245481992,-0.0027890947559786,0.0250007303356862,0.0146977961151046,-0.0064814915273977,0.0451657313602348,0.9988500196914326,0.0269719834585976,-0.0355464338402834,9.740181010587214,-0.0278690761227761,-0.0236072191262768,-1.0614395340169385,4.262514200294732,-0.6353888732421676,1.2918925785870976,1115.3827392005107,1135.0209190118185,1112.4161929407207,1116.015404266804,-83.98429353847202,-97.73222522462223,805.2077960019661,107.00444510397556,158.03649024994033
49.0125,-0.6346949448589243,-1.1423337311995152,-0.1894984627236589,-0.0009592923572847,-0.0052412765548884,0.0238308559443412,0.0146669414009207,-0.0064254981153238,0.0451568305959467,0.9988512264139874,0.0225980747964085,-0.0367683811854112,9.742801003419043,-0.0279790090784475,-0.0240632960163089,-1.0616687917676837,4.262482588530061,-0.6353694460410478,1.2892456214380987,1115.3797484721426,1134.646848146118,1114.2278638090984,1116.1602033616268,77.26811069956649,-167.65468200520053,487.14878763664814,2.729775852274965,158.0339018104584
49.015,-0.4145180568292367,-1.1304807275179876,-0.1234724013858975,-0.0021189785363112,-0.0079733278917065,0.0230522118079983,0.0146328914608079,-0.006370529671474,0.0451413994836019,0.998852764646138,0.0183867996766872,-0.0379980095894094,9.745540403003153,-0.0281057094247508,-0.0245250277122619,-1.0619002247644695,4.262449964555397,-0.635356700493923,1.2865961253798728,1115.7690797540088,1134.182645601792,1114.8519368789055,1116.0290531460653,217.9151817969504,-197.7979998358913,54.42104783892721,-95.43621354591363,158.03178389665743
49.0175,-0.2209843610244128,-1.0846835555275125,-0.0376935818700893,-0.0027950612958351,-0.0113120558273047,0.0227681964609411,0.0146018671580816,-0.0063219936518125,0.0451222234419932,0.9988543821392908,0.0145023712311595,-0.0390734585750529,9.748417582988719,-0.0282590535613181,-0.024996914421029,-1.0621275138342035,4.262415757482239,-0.6353507091624999,1.2839426716096702,1116.4693243811264,1133.6578581469391,1114.4999690482928,1115.6830222938977,346.4560460173335,-216.07433814095063,-348.0400162819972,-187.967082186555,158.0297098630051
49.02,-0.0395323744817642,-0.9708992485467256,0.0703782134708997,-0.0030289308512225,-0.0154036801165148,0.0230025881044475,0.0145770960296938,-0.0062869740141176,0.0451050184998945,0.9988557283903764,0.0111339662646785,-0.0399045599113803,9.751439870979008,-0.0284521922131451,-0.0254771786576421,-1.0623436742084935,4.262379779322064,-0.635350664022344,1.2812839015445128,1117.5013599840963,1133.1022739110867,1113.1117367974944,1115.089217735132,383.7424948926438,-170.4775120397736,-620.1830284254366,-236.68567503688507,158.027274838557
49.0225,0.0558379677188072,-0.8245154054810536,0.1522603282587635,-0.0026027073627244,-0.0182798039145994,0.0234878089746084,0.0145538874214484,-0.0062684126699829,0.0450952546956242,0.9988566043758752,0.0083776177808307,-0.0405637828113143,9.754604852343743,-0.028688916105682,-0.0259487427734484,-1.0625422458717086,4.262342387976892,-0.6353547752994934,1.2786191570044583,1118.3880368555904,1132.80547058674,1111.399053906164,1114.4995939187127,332.5006195407991,-64.74951080728238,-722.6217010112782,-243.33598948487028,158.0252922855532
49.025,0.0813887419485062,-0.6356486612193787,0.2141153411524444,-0.0016991015515129,-0.0203123304754852,0.0241805684391645,0.014529431425278,-0.0062683918527867,0.0450950840839641,0.9988569409781688,0.0063085510128675,-0.0410973852845993,9.757898874477528,-0.0289716933288656,-0.0264004068390554,-1.0627173654557018,4.262304378137018,-0.635361176298019,1.2759485582461354,1119.1638630817988,1132.7785263570506,1109.4986282924415,1113.8725377877088,278.2463973639947,41.54983443297772,-729.5685490477715,-248.86699640374897,158.02335972880715
49.0275,0.0470675773437165,-0.4265642934619638,0.2537264328304825,-0.0008641361563533,-0.0216345995758384,0.024996280965575,0.0144988203989114,-0.0062877891879179,0.0451031935601246,0.9988568656021278,0.0049707023775408,-0.0416007776230422,9.761299622804774,-0.0293006253048675,-0.0268187646097157,-1.0628648023527891,4.262266982989432,-0.6353683503295116,1.273273685522755,1119.7792688424113,1133.013219758905,1107.7512111609233,1113.2552589366933,202.35387271658163,155.58339678237868,-595.6555940992665,-235.1179781482804,158.02146942218636
49.03,-0.0514421222787503,-0.2138712617399703,0.2636062171184176,-0.0005745613743724,-0.0220911882718059,0.0259212980555166,0.0144667343191259,-0.0063273869747496,0.0451170230195383,0.9988564237741212,0.0044082916929771,-0.0419889409095672,9.76477623903335,-0.0296768819438672,-0.0272128950055032,-1.0629819174657973,4.262230586220372,-0.6353745869852025,1.2705976583393843,1120.1756324453822,1133.5564433409627,1106.5203503219436,1112.6969478969668,131.0192648729126,294.91256988366774,-360.77040582718905,-219.1745846722999,158.0196305444389
49.0325,-0.2245199389053864,0.0216413600683525,0.2428398186360515,-0.000708123299919,-0.0216672548145973,0.0269207806839154,0.0144401774095873,-0.0063807528901751,0.0451387895858933,0.9988554586958,0.0045198635143019,-0.0421284015345111,9.768294216244259,-0.0300868143450985,-0.0275991908612701,-1.0630688070292256,4.262194836165833,-0.6353791085531425,1.2679234452025516,1120.4343651667753,1134.487782608322,1105.9473591317887,1112.1593860133328,71.28208952318337,368.6392532799733,-38.63012647509847,-165.48435331420197,158.01748337339487
49.035,-0.3968620785280768,0.1901389457803285,0.2033509358510905,-0.0011444385699052,-0.020619491554664,0.0275572277189354,0.0144222155593058,-0.0064384062285609,0.0451740064809764,0.9988537427845128,0.005133853457742,-0.0419604268379738,9.77181953537435,-0.0305099416187985,-0.0279873456296481,-1.063128364214193,4.262158847470039,-0.6353819763519469,1.265253702662844,1120.5320428929983,1135.3996396073635,1106.327199689568,1111.8695261303951,33.3676850752738,364.5518483051955,323.1867297742776,-73.25793245232381,158.01574322953968
49.0375,-0.5734038854305021,0.3279259313137127,0.1494715824318571,-0.0022146580085514,-0.0193310670566339,0.0280032619813277,0.0144149552091001,-0.0064943303331563,0.0452263646204905,0.9988511237045982,0.0061385848892536,-0.041446680464207,9.775320664140327,-0.0309327842150846,-0.0283858303069346,-1.063165244197742,4.262121664120907,-0.6353826696514687,1.2625902038061347,1120.6012035921517,1136.3105418498487,1107.5632927806612,1111.7930963510707,43.73154773301734,368.6362571698452,696.7769200582068,22.956373185455007,158.0140531450147
49.04,-0.7573162919588186,0.4707833670412363,0.079571231205104,-0.0044733949493956,-0.0182794452890887,0.0283390696869646,0.0144145017958887,-0.0065442418359349,0.0452913213571848,0.9988478922824396,0.0074444567425879,-0.0406648105415709,9.778772100834825,-0.0313444702993092,-0.0287911632904693,-1.0631854419932256,4.26208318052342,-0.6353814930771082,1.2599328732457096,1120.7507006316632,1137.2428208932113,1109.811084289856,1111.9843079963225,75.07955647561882,297.2733019960131,899.3126308905576,119.00804869754488,158.01208117684607
49.0425,-0.8647500671843547,0.5846370931100447,0.0255263595564945,-0.0070837496058688,-0.0179519122573705,0.028437471198231,0.0144197126123143,-0.0065891908487259,0.0453599385735894,0.9988444561112416,0.0090615981261998,-0.0396392343284443,9.782154060318474,-0.0317453167063076,-0.0292054962244143,-1.0631946151670346,4.262044169169932,-0.6353790326503955,1.2572806959882332,1120.97660137453,1137.7969083598296,1112.0598559351163,1112.388136594559,113.16219044159548,164.9734928738846,902.9812490154129,210.04780680025928,158.01048298009513
49.045,-0.9060032604677348,0.7009078069158095,-0.0141729420776859,-0.0100920483783443,-0.0175123027951486,0.0283075073002733,0.0144244667006195,-0.0066241531574233,0.0454291575434771,0.9988410647183072,0.0108692302401255,-0.0384808686227459,9.785455622240482,-0.0321221080746732,-0.0296203678111572,-1.0631983602948836,4.262005198486692,-0.6353756613071084,1.2546328087856489,1121.3165115838715,1138.0676883575811,1114.3259905349353,1113.0345470303243,166.95081254062364,57.16255733951326,917.1903605875443,331.85485506063,158.00892915219572
49.0475,-0.8739041709892997,0.8312128332293734,-0.0355418880015045,-0.0134189559689812,-0.0160279762080731,0.0277848140943651,0.0144251841813989,-0.0066463717661852,0.0454961703761387,0.99883790958132,0.0127857710290147,-0.0372481030741254,9.788672740995118,-0.0324663092482947,-0.030031778200457,-1.0632005373126996,4.261965691403196,-0.6353723376765305,1.2519870541982303,1121.8113554372324,1138.082721146527,1116.6458077380498,1114.0474108698606,185.153033741877,-33.85958640317853,736.4689095258526,399.76125318341934,158.00711245008884
49.05,-0.7862525543011901,0.9114074492594816,-0.028001616739486,-0.0154125385572374,-0.0136878255628667,0.0271188240896862,0.0144191476862455,-0.0066530632308999,0.0455583707747169,0.9988351656617328,0.0147227722435009,-0.0359782725988386,9.791808153527363,-0.0327689615279126,-0.0304366095009774,-1.0632030251077556,4.261924431431964,-0.635370260231281,1.249340365235773,1122.2422767525811,1137.8983904255651,1118.0083350825664,1115.0333532962425,163.48454094137017,-90.8017632557848,397.2688581940716,405.307190780306,158.00563577218205
49.0525,-0.6492115834832558,0.9347888037274098,0.0019617799675346,-0.0166498633212749,-0.0103795025630929,0.026566337747791,0.0144025284841578,-0.0066420798635688,0.0456143435202371,0.9988329669338152,0.0165965101164179,-0.0347280277106667,9.794870809882193,-0.0330220034382445,-0.0308282300075441,-1.0632057122333876,4.261880635445462,-0.6353700401888592,1.2466897344361338,1122.6287781419396,1137.628712330248,1118.6321520290212,1116.0739468237632,140.4861560854356,-99.89393640544213,129.2846263094173,409.92186168046817,158.00419479089007
49.055,-0.4789614556738739,0.8985939976760656,0.0406137708046733,-0.0177129907494939,-0.0069449195185283,0.0263991067430548,0.0143762978347933,-0.0066198878824957,0.0456614784382786,0.998831372968038,0.0184904174531967,-0.0334664648251273,9.797872917178964,-0.0332359566053432,-0.0312084363561832,-1.0632059727198917,4.261834223091742,-0.6353719073436732,1.244031935487246,1122.9447075330079,1137.3989207435384,1118.6547582141127,1117.0829626046427,105.76900676614105,-54.17975697193425,-106.34829751078556,379.892573197036,158.00278149830345
49.0575,-0.2725120062579587,0.7929255539769262,0.0723344560187586,-0.0189815043584283,-0.0042956006981197,0.0268636325970892,0.0143445958826607,-0.0065933759488248,0.0457004336576486,0.9988302471673686,0.020494333205663,-0.0321011861585726,9.80083007989403,-0.0334228329589058,-0.0315846822898726,-1.0632000984896743,4.261785051202522,-0.635376253798191,1.2413654327997947,1123.1576231757704,1137.357813545388,1118.1004105414668,1117.9734096897491,69.6218308777687,58.162806704210446,-317.2939825542667,350.3051504380464,158.00139965438592
49.06,0.0103768470996187,0.6063911677831239,0.0817599294136175,-0.020582393703252,-0.0024456474072525,0.028047843431169,0.0143121468122827,-0.0065703433488602,0.0457340941602286,0.9988293392109188,0.0227133884867737,-0.0305311783966592,9.803761419025907,-0.0335972592350717,-0.0319647595153067,-1.0631845937456597,4.261733438484878,-0.6353828456752353,1.2386918645894651,1123.292816687397,1137.6897347770596,1117.0682883013408,1118.834488356834,30.166374585706006,202.14082844750203,-391.67503271272983,275.8716343549857,157.99977577578167
49.0625,0.260555034187863,0.4196825036804345,0.0586783959960084,-0.0212399071805913,-0.0018332351827337,0.0291255818700483,0.0142831962747188,-0.0065551064263217,0.0457642620048962,0.9988284798403416,0.0251830662137252,-0.0286655552882063,9.80669029381961,-0.0337672822028367,-0.0323553236055497,-1.063157671620645,4.261679713655713,-0.6353915883191255,1.2360155453943067,1123.3084550486988,1138.3685176876247,1116.1420353779051,1119.352767861523,-15.125940507337075,360.54922277827296,-336.10019148203367,164.13217181008267,157.99845003182023
49.065,0.4916290591527167,0.2160996866083576,0.0093470351525697,-0.020059734509209,-0.0016172572379159,0.0296713508795989,0.0142578273915485,-0.0065496178088792,0.0457908832151403,0.998827660334833,0.0278898584179197,-0.0264983287795828,9.809645470749192,-0.0339366557909843,-0.0327541561385179,-1.0631201499190075,4.26162476587157,-0.635402288917281,1.2333421035147174,1123.2171869848603,1139.4924808909493,1115.387787343932,1119.6551492158835,-69.53825745355142,578.9803211253223,-258.72805567374087,84.48975690999073,157.99715190380402
49.0675,0.7003671799424979,-0.0415134539994834,-0.0590015264645368,-0.0166390317408591,-0.0010584773771427,0.0296152569534511,0.0142369786731272,-0.0065541839512443,0.0458170132925125,0.9988267272043152,0.0307917373994591,-0.0240119799399837,9.812660401858281,-0.0341072193924042,-0.0331606173130936,-1.0630750795685147,4.261570205230549,-0.6354148644603401,1.2306750193321512,1122.960763761431,1141.2634192932528,1114.8483950995355,1119.7752166460732,-121.9072454145875,688.4305392908689,-129.57196813738585,5.854903779979129,157.9956255535143
49.07,0.7952621053856181,-0.2646208995972172,-0.1047924710372511,-0.013110799905789,-0.0004027179056923,0.02915842612555,0.014221591462065,-0.0065622739931129,0.0458473248193579,0.9988254938787215,0.0337178418402024,-0.0211906528724203,9.815774147903076,-0.0342677532523736,-0.0335745107116859,-1.0630274820120351,4.26151706663614,-0.6354287379240521,1.2280156918595864,1122.607650757787,1142.9346335874054,1114.7399275032449,1119.6844237347836,-170.00270026121143,654.1029824903072,19.127944184055313,-71.98378064929055,157.99437965997717
49.0725,0.8087136479684702,-0.4827954899903624,-0.1188017183654327,-0.0098002895259666,-0.000295453047459,0.0283564041068597,0.0142094831209935,-0.0065704164635494,0.0458827402180628,0.998823969606306,0.0365617423820765,-0.0180912378099313,9.819030587213772,-0.0344143151880222,-0.0339888024906144,-1.0629828931414183,4.26146633761723,-0.6354433574901128,1.225363396687868,1122.1107502601255,1144.5339342057011,1114.944034820456,1119.415297742827,-242.45075253753717,612.0042654164133,140.64011940146963,-153.20539278988127,157.99316062047313
49.075,0.7644764048881776,-0.7020541966856538,-0.083934416300502,-0.0066394761922232,-0.0015516557764721,0.0271809669057216,0.0141972853148881,-0.006574423590045,0.0459247396896706,0.9988221610503708,0.0392104084930371,-0.0148023706364306,9.822477111503824,-0.0345422087614157,-0.0343938720922425,-1.0629463835367199,4.261418662602385,-0.635458717262558,1.2227165791444428,1121.3953969950987,1145.994654914489,1115.4431281002524,1118.9183967708339,-269.38906958257434,407.46324278067806,208.78748626849531,-204.44802288728624,157.99172813245184
49.0775,0.717100180690427,-0.8125879194319752,-0.0098269024632917,-0.0049312676186617,-0.0037909673433297,0.0262607612430044,0.0141786667408794,-0.0065664118804407,0.0459758312835859,0.9988200949159775,0.0414849375674547,-0.0114767899258167,9.826163437453385,-0.0346390389772767,-0.0347739732873429,-1.0629219569389239,4.261373740048684,-0.6354753317188656,1.2200724692873832,1120.7638049122122,1146.5712504196058,1115.9879722517987,1118.39305762839,-241.66931591789003,54.013233161871554,228.94242496197776,-221.46919367935104,157.99055886423335
49.08,0.7119968623060264,-0.8049651157901953,0.1006321734201591,-0.0041121134611733,-0.0067810572870572,0.02573468473391,0.0141486834814385,-0.0065406965392614,0.0460355567722048,0.99881790214531,0.0432603451141928,-0.00825103784774,9.830137029945218,-0.0346970195283543,-0.0351161324591744,-1.0629112257281383,4.2613309897693545,-0.6354941638638631,1.2174294590865329,1120.1870504155104,1146.264721080298,1116.5878402250614,1117.811050802438,-208.9796498868349,-278.6141482963951,240.85513237715944,-230.43210061175196,157.98941362749233
49.0825,0.7764004680902821,-0.6758762219898977,0.2243114941039992,-0.003712634785351,-0.0098942538464582,0.0257657756121863,0.0141088720927287,-0.0064978809149384,0.0461005797920868,0.9988157133783444,0.0445499818881258,-0.0051483328062671,9.834437850387843,-0.0347217431847164,-0.0354206949883978,-1.0629124541128474,4.261289960203323,-0.6355159927082372,1.2147852759259503,1119.7189066627775,1145.1781796781231,1117.1922479136852,1117.2408971253308,-149.84199825482003,-597.4172594234587,235.5669638903396,-208.6265480942372,157.9882870144015
49.085,0.9492928748586248,-0.3899213208898486,0.3360553420879976,-0.00345593144239,-0.0128117512262406,0.0265264474644203,0.0140685685216072,-0.0064457311350228,0.0461669168910784,0.9988135301048509,0.0455229883454718,-0.0020521093805802,9.839094367135942,-0.0347339408202094,-0.0357041759999081,-1.0629204089539883,4.261250602521924,-0.6355404702218994,1.2121363969653172,1119.437840424236,1143.277634783179,1117.7656750445135,1116.7679180619664,-70.85609694838318,-943.3643491513006,236.45239198216265,-164.97830911017897,157.98718094346347
49.0875,1.2826330524124911,0.1184697313133443,0.4185402981977816,-0.0026410726980342,-0.0156136430586705,0.0285271390352219,0.0140371233668544,-0.0063897038022293,0.0462290194980844,0.9988114417643816,0.0463096047804255,0.001151350807198,9.844123984980675,-0.0347482989620201,-0.0359840167928461,-1.0629279894579984,4.261212492582659,-0.6355670319768671,1.2094816524309016,1119.364626178036,1140.461357932371,1118.3745098735951,1116.4160055797806,22.415593123275713,-1035.2010844316899,202.44492042801184,-82.20110117381752,157.9858745130676
49.09,1.6391240315776254,0.6424005710747749,0.422585215633694,-0.0011263853445199,-0.0167154110433887,0.0310958852508761,0.014016925143,-0.0063364851285069,0.0462824381105455,0.9988095773423346,0.0470623075357403,0.0044343466894352,9.849532405662911,-0.0347801847025428,-0.0362635388663681,-1.0629272943001011,4.261175024955099,-0.6355953170715603,1.20682118855253,1119.5499183898523,1138.1016293610182,1118.7778996466543,1116.356912556097,132.26812553155068,-830.1577140712952,127.26853538472677,27.26715545107678,157.98480087597127
49.0925,2.0136864412832094,1.1930504493260423,0.3530215201944932,0.0017678300810081,-0.0154084954045087,0.0336791766257948,0.014012296255324,-0.0062934219459449,0.0463242022929549,0.9988079671378453,0.047950538356599,0.0078053067020553,9.855309910158082,-0.0348451782843932,-0.0365510707923959,-1.0629098718468335,4.261137017003412,-0.6356245228746381,1.2041557738987716,1120.025966805694,1136.3105693620123,1119.010852550519,1116.552341357036,286.65353596701294,-538.3774744146089,44.636927044343466,127.27890377525662,157.98374025743848
49.095,2.374403799624698,1.7653407784685085,0.2104384529889628,0.0075375277969499,-0.0098638790117245,0.0350140727741685,0.0140247583362018,-0.0062620231395293,0.0463559765008764,0.9988065033182963,0.049026259934266,0.011223882970257,9.861433320006915,-0.0349449251545529,-0.0368504565456733,-1.0628683185745875,4.261096802265059,-0.6356537373209054,1.2014869612664951,1120.983186069686,1135.4097419889476,1119.0010842818758,1116.9933070749728,421.1247222173489,-68.13736358741305,-64.25453372313665,168.79417213959192,157.98248011691447
49.0975,2.5073871416685134,2.082519868882288,0.0760357838506175,0.0145106399346646,-0.002161786290166,0.0339813108428458,0.0140569073264592,-0.0062454575447279,0.0463806627389019,0.9988049992869988,0.0503728960998481,0.014672833885116,9.867864433467519,-0.0350834703461642,-0.0371686811606628,-1.0627961362262215,4.261053222413752,-0.6356823248696127,1.1988160390210492,1122.1315904167818,1135.969882544075,1118.6895798819032,1117.3963122177345,531.5435409246684,506.8931469673452,-193.8077569778588,125.52421633061329,157.98143913022193
49.1,2.360879677527693,2.166771101999127,-0.042353419508566,0.023266368102685,0.0066471114975158,0.0318284798504504,0.0141097576016114,-0.0062416129168115,0.0464023652715463,0.9988032704558868,0.0519643593671925,0.0181143514612533,9.874553369583804,-0.0352526085689837,-0.0375107433608336,-1.0626888462267388,4.261005768762559,-0.6357100361721171,1.19614405413666,1123.6409037743108,1137.9442077237857,1118.032045496986,1117.620928156626,731.2158218951765,1139.1105557037363,-357.28100655119965,12.065806656994088,157.98040648274485
49.1025,1.783201783928684,1.9925307745516905,-0.1656496406082337,0.034649308711398,0.0158214909815293,0.0302013904555148,0.0141782031841373,-0.0062422670368626,0.0464219352479873,0.9988014030952742,0.0536427765744889,0.0214033264808407,9.881442516511747,-0.0354299647254732,-0.0378700991207409,-1.0625446910621348,4.260953550595985,-0.6357370324848035,1.193471918657912,1125.7876695262544,1141.6654353225883,1116.9031748491489,1117.4566412510192,819.58968595044,1513.9121044445787,-446.9071254830839,-149.72905405162763,157.9791762614186
49.105,0.961731387744006,1.6581356078507932,-0.2756344399121288,0.0436062294401122,0.0213510478456513,0.030336293043408,0.014255100721565,-0.0062461357107645,0.0464395102162504,0.9987994979319929,0.0553790673655526,0.024357307320611,9.888466075194765,-0.0356078049593251,-0.0382356308206723,-1.062363580342003,4.260896999287814,-0.6357631113590392,1.1908016834042348,1127.738852204065,1145.5137682460124,1115.7975098695695,1116.8722828863677,775.3162130499403,1585.1473700739991,-434.5137668181956,-318.51452247289745,157.97815846379106
49.1075,-0.1349655591180211,1.206725835153025,-0.4242467069743245,0.0492115149148404,0.0243314033946423,0.0315260970273794,0.014330203464967,-0.0062499922797564,0.0464583599937683,0.998797563320924,0.0570971562569699,0.0267445793833607,9.895554600936034,-0.0357748525385336,-0.0385897811565124,-1.0621476785483732,4.260837275355563,-0.6357885757528365,1.18813535179703,1129.664250591506,1149.5911721729626,1114.7306060150568,1115.864068638654,733.3361036608796,1589.1228145865523,-385.14625166934377,-446.7325220994069,157.97714874523217
49.11,-1.3367976318342143,0.7232718298665133,-0.6124286786345888,0.0491190021077818,0.0253985443404166,0.0324410758827033,0.0143968535198758,-0.0062582174687364,0.0464791904781157,0.9987956265100786,0.0588693922711027,0.0284086601064097,9.902633910710195,-0.0359374469429654,-0.0389218910250476,-1.0618998599817546,4.260776026592277,-0.6358144513195695,1.1854729215681648,1131.405532722366,1153.459382318938,1113.8717786112245,1114.6386202758727,615.9784782628808,1418.8267983126043,-256.97623392261943,-494.7247902735596,157.97614632745115
49.1125,-2.4707338684592433,0.2670780182608266,-0.8265105970278886,0.0408236621854884,0.0249384078858729,0.0314884646315097,0.0144490143515304,-0.0062740691052995,0.046502295136341,0.9987937345994888,0.0607427700539445,0.0292182540579917,9.909629691257416,-0.0361010845078691,-0.0392225108581764,-1.0616240309765783,4.260715841150951,-0.6358411948279517,1.182813504674079,1132.744142982822,1156.6853061645293,1113.445724845443,1113.390444687285,462.5177746779535,1205.7712780152283,-60.51950130692236,-492.3992724979808,157.97515340562367
49.115,-3.528850545237409,-0.1923603625117407,-1.058484595565622,0.0247486235540082,0.0234994589905659,0.0279438591145745,0.0144850543891955,-0.0062971324439053,0.0465304067273067,0.9987917829772138,0.0626934157491385,0.029144641107949,9.916468493742943,-0.036265502082031,-0.0394915048592933,-1.0613245366963704,4.260658539198848,-0.6358684843336487,1.1801576774834035,1133.718121595757,1159.4882387090172,1113.5691811046895,1112.1766239133815,241.6280558730629,830.9525404916084,151.51059833119825,-364.359724770988,157.97397342081996
49.1175,-4.064498741261104,-0.4808631875187461,-1.1905735025142865,0.0098909722552384,0.021894437205944,0.0237947695297601,0.0145025205760666,-0.0063254010589341,0.0465669989791376,0.9987896574373792,0.0646641449011935,0.0281563140375783,9.923080559270156,-0.0364281823778507,-0.0397268851331203,-1.061006022487877,4.260604572098008,-0.6358963200895646,1.1775051951629094,1133.9522832621863,1160.8400688669835,1114.2032778370983,1111.5686460634315,-19.017818140345568,347.8227168525831,342.1211001416919,-142.49455713863412,157.97299983138691
49.12,-4.230140298670732,-0.6639291726263217,-1.2294025631032364,-0.0034171119860054,0.0200330393690189,0.0192947539483944,0.0144993439172482,-0.0063583039878533,0.0466126333493345,0.998787367279768,0.0666266222586631,0.0262397613613603,9.929399671961725,-0.0365902254984207,-0.0399273121801098,-1.060672714071031,4.260552922830463,-0.6359242178845389,1.174855685622218,1133.623032505055,1161.227352293281,1115.279786605399,1111.464151127688,-247.01491267911572,-2.848610667932369,531.2443786337109,61.3114240918235,157.97203618676315
49.1225,-4.085648214984278,-0.7668154748645994,-1.1662489914416283,-0.0160528475590579,0.0174359498416156,0.0141812468405896,0.0144771443183293,-0.0063948926728251,0.0466620768128174,0.9987851419830532,0.0685494629151399,0.0234662419724886,9.935362600549858,-0.0367522166834123,-0.0400994384737097,-1.0603279005549608,4.260502454229688,-0.635951932116893,1.1722085359097647,1132.71720869879,1160.8258258136439,1116.8594997302682,1111.875203183891,-391.2085414412024,-239.3345660676817,590.5954807104449,219.56756441883917,157.97089074206212
49.125,-3.768520678305508,-0.765287294621498,-1.0419453579488855,-0.0240282953242019,0.0149747035769885,0.0109053192282813,0.0144401613340295,-0.0064323961854951,0.0467044979952123,0.9987834464800052,0.07036941215223,0.019971174183456,9.940909653498007,-0.0369107411586896,-0.0402556983809434,-1.0599738347278496,4.260452644309166,-0.6359795563200182,1.1695634747932075,1131.666989797851,1160.0306794629437,1118.2327640089486,1112.5619889497812,-454.54636941699806,-346.98477566402926,523.3613063271818,313.76724181515215,157.96994464490896
49.1275,-3.346006219534631,-0.6939028270459766,-0.883651899920674,-0.0304165942222469,0.0127223793707195,0.0093241933112993,0.0143958265847117,-0.0064693168730705,0.0467322413589069,0.9987825429559848,0.0720541613661436,0.01596102132279,9.945983612664701,-0.0370652483859061,-0.0404145866077053,-1.0596112736135104,4.260403106126722,-0.6360070182518207,1.1669189283970096,1130.4444768517071,1159.0909019353253,1119.4763062619015,1113.4440393929651,-561.5821578310116,-384.3600134993574,489.73183987343367,395.89826864651275,157.96900621728577
49.13,-2.7951281842943656,-0.5633147613490816,-0.7003739478750085,-0.0372749355543428,0.010836319316631,0.0087434280732928,0.0143507075453433,-0.0065024596042185,0.0467463803293563,0.9987823079673714,0.0735396459288354,0.0116336331895157,9.950531158841352,-0.0372115299352188,-0.0405919139862749,-1.0592399795807643,4.2603540368070325,-0.6360346183214293,1.1642734347208803,1128.8590790086946,1158.108879395446,1120.681423208317,1114.5414802930147,-600.9927754222298,-310.8468977610984,386.29644679438815,387.06951933739424,157.96788741548914
49.1325,-2.3305030901822263,-0.4471167830553606,-0.5718132372250835,-0.0425997544669779,0.0098955848826893,0.0084402742604839,0.0143070100992707,-0.0065305549555726,0.0467500595719496,0.9987825731447766,0.0747980387690612,0.0071039384148967,9.954502740719896,-0.0373486219306167,-0.0407933450957392,-1.0588589200956693,4.260305776613512,-0.6360629005806766,1.1616267056262735,1127.4395129745944,1157.536667446519,1121.4077884958747,1115.3793869896533,-597.5329891778506,-178.56521294154714,235.5229994098732,303.5544832794163,157.96696013804467
49.135,-1.8764912976372987,-0.3571121088470993,-0.4683420385820215,-0.0472755962720246,0.009811393169625,0.0078487534581537,0.0142601782779068,-0.00655425135591,0.0467447904395561,0.9987833323729904,0.0758347885640472,0.0023545151226344,9.957852816696446,-0.0374782372956475,-0.0410095290026025,-1.05846678002544,4.2602581819452885,-0.63609237887363,1.158978157781258,1125.871414062808,1157.2160533307388,1121.859038205365,1116.0592527094104,-658.9604298750868,-108.16225872321334,142.4344703726273,242.88207801079204,157.96603736680143
49.1375,-1.4359883878154946,-0.3073785002533379,-0.3735480246992144,-0.0510408902407516,0.0105341811881591,0.0071116530391082,0.0142047974040992,-0.0065727573100535,0.0467325752648531,0.998784576534476,0.076626767051705,-0.0026458520422565,9.960538685597395,-0.0375982354013452,-0.0412288652256975,-1.0580620974818835,4.260210486835418,-0.6361236534649438,1.1563271312511343,1124.144710825217,1156.9958561529027,1122.119960847738,1116.593797379708,-727.5467945517363,-105.72248880147573,69.37123486232939,185.5443916535893,157.9651181965451
49.14,-1.013343822451236,-0.3105254190307174,-0.2675814965458641,-0.0534946778266034,0.0114949884746645,0.0061490587609336,0.0141446062021763,-0.0065880287247794,0.0467155146335272,0.9987861383120862,0.0772142585558314,-0.0077483731431995,9.962517547608384,-0.0377124104752477,-0.0414583964197431,-1.0576425880119926,4.260161609977394,-0.6361572303456088,1.1536729945739364,1122.2336800900475,1156.687440886731,1122.2058943796771,1116.9869746676789,-861.4590418935328,-211.5330256060693,7.833043507805844,158.32994577936765,157.9642037175833
49.1425,-0.5225136000199752,-0.3496588344644598,-0.0996373585399914,-0.0553231365355931,0.0114973284142637,0.0046322281557725,0.0140799276281382,-0.0066016592835242,0.0466960455637342,0.9987878856242562,0.0776268660926706,-0.0128729988660453,9.96375211315088,-0.0378227786245576,-0.041697693664488,-1.0572070041474646,4.260111143726521,-0.6361931478366587,1.1510163532544353,1119.8374156157536,1155.9381910248733,1122.1591260652772,1117.385447108604,-866.048399801696,-367.2561476684618,-39.48533074588139,149.1323810609775,157.9631128754247
49.145,-0.1189177945517201,-0.3755416646252063,0.0872753713831745,-0.0564868310975071,0.0101380491008048,0.0034899870611118,0.0140101996231873,-0.0066079485484545,0.046678363251154,0.9987896647616245,0.07774749255889,-0.0179532302286583,9.964212960425767,-0.0379154797229584,-0.0419450081887214,-1.0567559750597568,4.260058471433148,-0.636230147251398,1.1483594869810416,1117.9034380910368,1154.851160148388,1122.0084677259476,1117.732636572984,-716.5065665746597,-541.5386852540408,-85.93151535865368,155.34129715662186,157.96221057040816
49.1475,0.2882476294425447,-0.3489541794648867,0.32219556854074,-0.0575838715267568,0.0078079183426061,0.0030267980526177,0.013936731571641,-0.0065993681126488,0.046663474811183,0.9987914583946884,0.0774238962738653,-0.0228873604916916,9.963878788236713,-0.0379726489113593,-0.0422029297801149,-1.0562917298415104,4.260002589046845,-0.6362673679295419,1.1457045649818571,1116.2548827828784,1153.2304975986017,1121.7294684884837,1118.1621535943875,-611.1557100936908,-812.9596930358848,-157.74478663261812,209.956369902884,157.96131735439496
49.15,0.7735104690329457,-0.2242813792072446,0.6368973789927309,-0.0581208921419678,0.0047754038655571,0.0035642513122131,0.0138628300676916,-0.0065728172579362,0.0466505273685164,0.9987932802903858,0.0765939395348272,-0.0275432024490598,9.962737373018477,-0.0379860986184484,-0.0424778573820443,-1.0558176731639313,4.259943030760995,-0.6363043724522806,1.143053203805111,1114.8476595405712,1150.7863616832124,1121.2197437927853,1118.7824184224976,-395.3904869967824,-941.4113005123183,-217.14209276395,235.7837975068536,157.9602590877425
49.1525,1.1479472976532492,-0.0429208965984081,0.8981695333972973,-0.0568475049461048,0.0028764822936007,0.0052451297843923,0.0137924171108652,-0.0065345924437605,0.0466396148224421,0.9987950292823946,0.0753839428053649,-0.0317917095423431,9.960787060838289,-0.0379682678918263,-0.042776209605031,-1.0553379125626976,4.25988102405415,-0.6363415469788958,1.1404057583100824,1114.2779303478935,1148.5234410960377,1120.6437580246632,1119.3410725819224,-88.67869329178586,-892.613650336896,-254.9282345442012,211.44967998723683,157.95939091797135
49.155,1.436229206038942,0.1906431716638414,1.1179732698379563,-0.0531200136004438,0.0024058779893897,0.0084107426167073,0.0137283287746545,-0.0064947253715418,0.0466328365129837,0.998796500369038,0.0739952236532881,-0.0355368493912532,9.958040164322739,-0.0379405413821847,-0.0431011256707259,-1.0548574358135128,4.259818703678032,-0.6363798740129613,1.1377623668081072,1114.404266074112,1146.3232934315256,1119.9451026200636,1119.8396668224343,212.299668826074,-884.5278614318746,-314.3048138808484,176.17329501411055,157.95853964502083
49.1575,1.6149125577921888,0.4753386669657032,1.2935003459232353,-0.0466057899427272,0.0038819167208315,0.013321468509788,0.0136681587585773,-0.0064571845958712,0.0466344245462134,0.9987974998394176,0.0725063139610557,-0.0387902331628912,9.954527052120135,-0.0379123702003342,-0.0434445732362104,-1.0543827600914,4.259757811162751,-0.6364198949885991,1.1351232806191471,1115.3394286920227,1144.1008017888823,1119.0722339552603,1120.221939056992,458.5090775103181,-706.2328158576772,-301.9504261414842,85.00836794787774,157.95754040884879
49.16,1.5917633423027555,0.6738624115619504,1.35062100164057,-0.0404668574588087,0.0067735444859472,0.0175462765488025,0.0136075041355285,-0.0064194520087425,0.0466462837512636,0.9987980125232696,0.0708691949087753,-0.0416066074612409,9.950295934615756,-0.0378803851290406,-0.0437945414983225,-1.0539212223451047,4.259699321148673,-0.6364616288688812,1.1324880195472886,1116.6968114616648,1142.7921293522354,1118.4353504893554,1120.264708662174,632.8661289901847,-386.6725057929512,-203.0703222009704,-53.55908348908076,157.95672808669624
49.1625,1.3850924469718793,0.7982670458928341,1.3157871519042137,-0.0349852706827362,0.010530645699966,0.0213734674974862,0.0135397111825408,-0.0063781947290857,0.0466690340164894,0.9987981201643376,0.0690230761758432,-0.0440947917874019,9.945411584653769,-0.0378401108233834,-0.0441339827730429,-1.053480155031426,4.259643658125422,-0.6365058099399469,1.129856558099714,1118.5037593369755,1142.1674392599164,1118.0568823442552,1119.9541436395466,851.0778046889764,-121.88409462048357,-74.0769478602252,-216.63746403147945,157.95593881044303
49.165,0.9636283197643004,0.8594484778156333,1.1865038089954651,-0.0304002586748912,0.0144113999043259,0.0252926857467836,0.0134578654253566,-0.0063337829705772,0.0467046651121755,0.9987978208402198,0.0669865572584956,-0.0463826925117157,9.939953200086276,-0.0377954352518116,-0.0444445618600996,-1.053065972501109,4.259590858750199,-0.6365527730032899,1.1272282595477183,1120.9522004851055,1142.1827088791335,1118.0649657500546,1119.1815213420175,903.5973731817119,109.0903089007394,92.31902922569869,-336.6528670378653,157.95502021455127
49.1675,0.5166411644667802,0.8579543986989864,1.0260827211439985,-0.0284613592135614,0.0165667481612094,0.0278180597989359,0.0133620734265102,-0.0062870596296088,0.0467527797104575,0.998797125952619,0.0648005837065708,-0.0484694573687858,9.934012139906468,-0.0377518538989994,-0.0447227551320518,-1.0526833694389683,4.2595407951502775,-0.6366023300916787,1.1246015226016535,1123.0217462028863,1142.7128908044203,1118.518477490384,1118.2708793043564,783.1968946246974,274.8848169448096,269.0941680063121,-391.0755923280066,157.95427967666743
49.17,0.0375377615003973,0.8382238313575169,0.8361656105191851,-0.0282861694223107,0.0177328447309116,0.0295327620908756,0.0132589016949571,-0.0062392507515362,0.046810093567069,0.9987960909890108,0.062525886495154,-0.0502365626011158,9.92769006933687,-0.0377157772875721,-0.044978933091382,-1.0523351565083559,4.259492251616806,-0.6366542622585839,1.1219750414303156,1124.8681849582313,1143.5571329638583,1119.4104365900869,1117.2261433803765,666.5079681666762,353.3052477840586,411.12150841701,-410.997379333422,157.9535662164328
49.1725,-0.419565555241711,0.8264989716407901,0.6369333859525719,-0.0293319255392776,0.0185355690424825,0.0307508347125441,0.0131527784268741,-0.006192832006739,0.0468733355714821,0.9987947931457338,0.0602510999665617,-0.051618959311724,9.92109789310237,-0.0376953785358908,-0.0452192232146508,-1.0520229789423745,4.259443918132185,-0.6367081771342394,1.1193485891396815,1126.3542860437167,1144.4794170433393,1120.574085032467,1116.2158924076912,474.4204704001123,351.9042460809051,496.65528957450135,-355.1046269853489,157.95287591172973
49.175,-0.7995478718338742,0.8370848648491052,0.4369139260058454,-0.0316908458525639,0.0193864048960701,0.0316491610826238,0.0130482216225076,-0.0061492143603066,0.0469396931346444,0.9987932966280664,0.0580475788875309,-0.0525576246400609,9.914352796753905,-0.0376958367374652,-0.045450573970613,-1.051747360734602,4.259395073710415,-0.636763857888955,1.116723027140428,1127.240287310233,1145.3166541942635,1121.8937130379607,1115.4506202454488,226.87284695773303,323.60701342274115,567.1553499314368,-230.4698610736708,157.95221417003492
49.1775,-1.1160664371679387,0.8693558173409641,0.2007687291021209,-0.0358796782400729,0.020737620876874,0.0325962755752995,0.0129481268528954,-0.0061097235856091,0.0470082251776072,0.9987916023131892,0.0559855153524047,-0.0530330784490588,9.907575274415928,-0.0377213260839985,-0.0456770845882909,-1.0515078374616642,4.259345739636095,-0.6368207795510161,1.11409872766974,1127.488650278506,1146.0974521104536,1123.4098617821255,1115.0635431023222,-46.266203388173615,247.96955751948917,510.86675009351967,-28.146231991311783,157.95145366787892
49.18,-1.24133419209267,0.893611940057303,0.0083935152188933,-0.0401543265496262,0.0224793919230015,0.033259569221087,0.0128539842395734,-0.0060726442682299,0.0470765013081263,0.9987898195520316,0.0540740716802445,-0.0530565100070117,9.90088644235236,-0.0377686481483475,-0.0459010027512253,-1.0513030951175393,4.259296992086046,-0.6368774744019196,1.1114759117554596,1127.0089562932924,1146.55650198186,1124.448046788426,1115.3098890854924,-316.81221457349403,159.34137919844977,337.16279349297145,223.58325457450903,157.95084813372068
49.1825,-1.2183752578955869,0.882076014588133,-0.1744505746132526,-0.0443152606510332,0.0252268726851442,0.0334462278774825,0.0127729990981874,-0.0060384021208912,0.0471406616956503,0.9987880373166084,0.0523686431621723,-0.0525320960979124,9.894402905973616,-0.0378387789057837,-0.0461370715120177,-1.051129822857172,4.259249053402864,-0.6369332400523977,1.1088536669884888,1125.9045892056376,1146.8941590064464,1125.0956757495915,1116.1814593751951,-589.481838108048,149.642049228183,176.5885230016926,501.23218810342047,157.9502719435266
49.185,-1.0423563940073186,0.7915373614210028,-0.3688660346399503,-0.0482778544800563,0.0291402587608869,0.032614823089331,0.0127058051813984,-0.0060080828236087,0.0471989230870007,0.9987863256860964,0.0509276769093265,-0.0514971580936899,9.888236530096323,-0.0379326277450494,-0.0463864318079512,-1.0509839503090892,4.259201276756669,-0.636988963181303,1.1062294486575783,1124.0615471027506,1147.304712228001,1125.3309894034348,1117.8160500260108,-723.7109169928988,173.64945023443727,-1.07101779958709,657.0620700128593,157.94961423281333
49.1875,-0.8012100685034487,0.6397540599873475,-0.4973147037812939,-0.050579753959758,0.0322335353478365,0.0311145799772888,0.0126453488080427,-0.0059773180841104,0.0472524530314204,0.9987847430133276,0.0496888721661875,-0.0501363992092822,9.88249335820264,-0.0380380366967619,-0.0466346516345521,-1.0508614045068587,4.25915195725086,-0.6370462908474123,1.1036013553181272,1122.2860346206764,1147.7624062576178,1125.0903206605935,1119.4667697252567,-711.5341394781458,229.5455795073208,-162.2329861128603,656.5188679780535,157.94909391071883
49.19,-0.5022229150429006,0.41591405545088,-0.5801446996143637,-0.0519519672448975,0.0344459154885737,0.0291480860438491,0.0125886398797914,-0.0059470647667989,0.0473009925976589,0.9987833311415862,0.048691759435573,-0.0485579313245542,9.877268152966119,-0.038153368832241,-0.0468755678016274,-1.050756717934176,4.259099744703172,-0.6371060280682057,1.1009677429695055,1120.5038764053631,1148.452440125537,1124.5198244728713,1121.098644365898,-735.4242649627271,373.46880423860046,-276.96734607301926,636.2553896222308,157.94860181512195
49.1925,-0.1222869429468717,0.0968578174266953,-0.626351450187781,-0.0525858288110952,0.0355079494246891,0.0266083859566685,0.012534796619865,-0.005916339179929,0.0473411779816842,0.9987822657521892,0.0479309763947253,-0.0468238218503878,9.872644853079432,-0.0382722284911252,-0.047108133808134,-1.0506644783716972,4.259044343801236,-0.6371678089353066,1.0983284416945511,1118.6089132958607,1149.6297502788116,1123.7054839302275,1122.6480466733694,-626.4824867888798,491.7987753546853,-277.67207662486163,451.8130330010953,157.9480429803758
49.195,0.1812614782236003,-0.1783613815821831,-0.6296660431663615,-0.0521828870336377,0.0348186616157695,0.024617137173933,0.0124821646791913,-0.0058827894846679,0.0473734630666305,0.9987815620492856,0.0473636164481452,-0.0450064120678929,9.868696637197914,-0.0383852729571184,-0.0473300352587193,-1.050580412985998,4.2589859944477535,-0.6372304319791853,1.0956866324439398,1117.3714639714171,1150.9114340023116,1123.1314640897463,1123.3577095309047,-405.1560701845166,562.6282112694413,-162.9594196701082,125.7168155679444,157.94760282053403
49.1975,0.4395749659309593,-0.4272488050282765,-0.617040873559874,-0.0508955883867221,0.0329742327970876,0.02310553660408,0.0124287637034851,-0.0058479949023023,0.0474004716746275,0.9987811145498758,0.0470139357430301,-0.0431832161594998,9.865485235854022,-0.0384916900653504,-0.0475382450452631,-1.0505015728644258,4.258926187778272,-0.6372928506515342,1.093046688281605,1116.58313294494,1152.4428913351564,1122.890686831878,1123.2766307512084,-237.6042273983479,633.495699163717,-19.1912185095036,-172.04916165556207,157.9471879365993
49.2,0.64217782094472,-0.6378461157224492,-0.6101796172011099,-0.0490224374704386,0.030921154405048,0.0221589336421429,0.0123750201136923,-0.0058124783262822,0.0474234231307642,0.99878086195857,0.0468778994288333,-0.0413773559262914,9.863061616604739,-0.0385890151120976,-0.0477353818587647,-1.0504264966997523,4.258865956420422,-0.6373545668046218,1.090412120205187,1116.1834428344248,1154.0789124981316,1123.0355079971987,1122.4974637226264,-72.69301280617502,644.628825432926,158.67016391608627,-463.85346888126975,157.9467929479064
49.2025,0.7641360569067465,-0.7964533098597146,-0.6293995312127922,-0.0465515688886467,0.0291983171580431,0.0217696460964078,0.0123167265284766,-0.005776896831019,0.0474435199390097,0.9987808013958516,0.0469407014478525,-0.0396968057854822,9.86146776045939,-0.0386751070702008,-0.0479145216763788,-1.0503553331748519,4.258805447791886,-0.6374161725883,1.0877838933089676,1116.2196678809091,1155.6660354623227,1123.6840376514588,1120.957363406801,100.67236201034636,638.0502236026932,390.6857321865943,-800.6295436669466,157.94642048533763
49.205,0.8134947910679082,-0.925875358887518,-0.6909309797479145,-0.0431684638236701,0.0275180116618081,0.0214402901735121,0.0122518599598659,-0.0057377108253312,0.0474583578691298,0.9987810960883732,0.0470990957960232,-0.0381954522039389,9.860736324388403,-0.0387394773448669,-0.0480739714873402,-1.0502886716906679,4.258743404800171,-0.6374777296939834,1.0851601199739596,1116.686804644476,1157.2691636161424,1124.98893665813,1118.4943160042951,228.06398012628208,506.8897043985679,547.9331073559857,-950.2901978423009,157.9459974572129
49.2075,0.783038953621325,-0.9775656515936806,-0.7635282588614739,-0.0402658801020339,0.0259741978756938,0.0207116008397581,0.0121869653491396,-0.0057008529273405,0.0474668982534901,0.9987816809479622,0.0474379654622496,-0.0367602334154626,9.86088734403244,-0.0387930428331121,-0.0482288010417724,-1.0502251503574325,4.258679165447443,-0.6375390982822169,1.0825373823715922,1117.3599877815411,1158.2004839843169,1126.42370318824,1116.2059124175871,311.0258471986754,267.2429920157808,618.6314809860523,-894.0321999952605,157.9456631707004
49.21,0.7051921908557424,-0.9527762013802712,-0.8264240253775932,-0.0379268262812797,0.0238184965712352,0.0186875971035029,0.0121269668916232,-0.0056720662320052,0.0474722894421041,0.9987823146670504,0.0480322380723394,-0.0353030780695541,9.861931478086952,-0.038847223813394,-0.0483900890909873,-1.050162769805318,4.25861417389495,-0.6376013566570524,1.0799135058259153,1118.2419338804702,1158.605378576222,1128.0820940630615,1114.0241550043168,414.6339086061877,57.807465504681936,747.8519034624677,-869.394220043768,157.9453455960336
49.2125,0.6042421135556549,-0.8044087778454398,-0.8450547053178856,-0.0368317270043327,0.0205491222843479,0.0143440408462148,0.0120705678637337,-0.0056489424993093,0.0474777224372423,0.9987828731170156,0.0487879852695398,-0.0338443146818881,9.863871752825727,-0.0388966483889967,-0.048556273283224,-1.0500999192021057,4.2585491822216,-0.6376654617457621,1.0772892363678699,1119.43315732457,1158.48952131184,1130.162962705549,1111.8589413173722,441.09398749260606,-125.00638964536817,754.4343711679862,-689.3485634433201,157.94498102047316
49.215,0.5476665894451654,-0.5630728288942213,-0.7923351197783027,-0.0374320977280767,0.0174544337992522,0.0099583901811564,0.0120164770234435,-0.0056351773158805,0.04748064470189,0.9987834709534829,0.0497313658654513,-0.0324037478893712,9.866699616805521,-0.0389493096966854,-0.0487252448135156,-1.0500338350729,4.258485239470168,-0.6377313289320645,1.07466413961019,1120.4474038179344,1157.9803466279948,1131.8542659189036,1110.5774121870984,387.44604720867034,-254.75702119206895,642.3181776623903,-392.917545234267,157.94468876819087
49.2175,0.5379854233255568,-0.1942117165457616,-0.6777618144863325,-0.0384955756732117,0.0144304215039896,0.0067265842111785,0.0119689150071954,-0.0056308737892135,0.0474761192681208,0.9987842942835268,0.0508247007521646,-0.0308838070939781,9.870394579763119,-0.0390068971109471,-0.0489068196860426,-1.0499608952127106,4.2584230898659685,-0.6377981569980951,1.0720369656347064,1121.3703875606143,1157.215736205879,1133.3745535938626,1109.8943535912,361.16050322708475,-350.7077768777896,606.4994798147441,-172.28056867122385,157.94440570895807
49.22,0.5566417244284704,0.36449218351443,-0.5198909050971842,-0.0382578686423993,0.0123734250961893,0.005276768589677,0.0119372320506142,-0.0056321234163977,0.0474623341885059,0.998785344236259,0.0519595949036868,-0.0290774899806442,9.87492384934658,-0.0390640599382815,-0.0491217355518842,-1.049876928330618,4.258362858960343,-0.6378652512811269,1.0694076648172888,1122.253206334068,1156.2268077436074,1134.8867633179743,1109.716009343743,274.21949398849006,-346.45658576765084,491.7288995065277,24.640577439491732,157.94407318361587
49.2225,0.555618749383699,0.8753336220505643,-0.4175078473727422,-0.0359398309607044,0.0132462503329032,0.0059408302219743,0.0119256232451216,-0.0056355422535637,0.0474431134253068,0.998786410777767,0.0530383607097639,-0.0268763518632009,9.880243638696426,-0.0391168073273412,-0.04937947493863,-1.0497782393113453,4.258304421895177,-0.6379323616903143,1.066778163313486,1122.7414850305577,1155.4834532770399,1135.8331980913963,1110.0175564783974,139.0550442617239,-258.6812812541707,308.50374986078026,188.71073606114243,157.9437993447406
49.225,0.4867222540005385,1.3513678969315797,-0.3834577343522178,-0.031947111695207,0.0171440255633442,0.007612851494429,0.011927276251281,-0.0056311696602451,0.0474211891343093,0.9987874961673944,0.0538297449564048,-0.0243803486584524,9.886301658297992,-0.0391462529922979,-0.0496670924799016,-1.0496629191473303,4.2582463908854455,-0.6379994725094986,1.0641513406360832,1122.9484815553772,1154.933401337336,1136.4292820672792,1110.6595630240492,39.400782198881096,-181.94010809955392,181.91713916137988,293.3262044764827,157.94352551200873
49.2275,0.3458468901648961,1.7402791622835398,-0.4074968677651726,-0.0280776009964366,0.0227517515594761,0.0088946759801307,0.0119318418415929,-0.005613659673146,0.0473972875559157,0.9987887134832119,0.0541976674097622,-0.0217623944249036,9.893033957639197,-0.0391426040188472,-0.0499637388639243,-1.0495291444126325,4.2581870351651725,-0.6380668767885475,1.0615277555536375,1122.938488941552,1154.5737527365427,1136.7427837872024,1111.4841875007785,-47.43792909559789,-101.72951472240382,64.26309162326457,350.4626884115195,157.943249030126
49.23,0.1409423840185569,1.9772894404864412,-0.4671866752223201,-0.0264498278475256,0.0291962352806894,0.0083226816746349,0.0119251125971199,-0.0055780752831118,0.0473732897261857,0.998790165216574,0.0540186539455404,-0.019272431477172,9.900366096074732,-0.0390965877921377,-0.0502401140898212,-1.0493751659802075,4.258125516940443,-0.6381350252811024,1.0589061544713756,1122.711291909899,1154.4247537637236,1136.7505975253955,1112.4118764661075,-137.59796739725297,-29.607865173541853,-52.787636402509,403.23279055366874,157.94296600636508
49.2325,-0.1136662397502654,2.064081144735386,-0.5116785270781408,-0.0278472652535283,0.0368725960835861,0.0053293538267091,0.0118966021600471,-0.0055275865467093,0.0473525712928301,0.9987917916887208,0.0533417794568414,-0.0170962705622234,9.908210723695564,-0.0390166034288971,-0.0504735162612371,-1.0491976348591403,4.258062983218385,-0.638204302952753,1.056284396601921,1122.2504991045653,1154.4257134106751,1136.47884560519,1113.5003514535479,-191.6978764409502,20.33455269813233,-133.07931627553725,375.54355223871926,157.94261445743126
49.235,-0.2866841111576078,1.9805247908049528,-0.4824167804476626,-0.0304287625415553,0.0426654451810684,0.002156084460256,0.0118433732979094,-0.0054627035166026,0.0473375259354839,0.9987935063720031,0.052179687091867,-0.0152705608714192,9.916469228966577,-0.0389065252778434,-0.0506571076677931,-1.0489918868898416,4.258001961625025,-0.6382741430131385,1.0536614664747364,1121.7528025276952,1154.526426527214,1136.0852009440187,1114.2895942272996,-212.5802473047137,53.01127032077618,-175.5789573683171,272.18548181744774,157.94230853274243
49.2375,-0.3918570687469511,1.7665113540030368,-0.3600464670093797,-0.0328582629150823,0.0473635693586151,-0.0001494129419468,0.0117702559662403,-0.0053836899494118,0.0473284746648127,0.998795232234462,0.0505562037183207,-0.0136812886028611,9.925032698343747,-0.0387706598929155,-0.0508002061979251,-1.0487518886006053,4.257943772676843,-0.6383441280856152,1.0510358623945575,1121.1875978680412,1154.6907697622792,1135.6009508183479,1114.8612788626356,-252.7336196548348,84.77213575966044,-219.0206386110065,189.7812255559468,157.9419857790199
49.24,-0.4470329319921855,1.407820823760721,-0.1119244684744156,-0.0347938892184622,0.0517190939530736,-0.0016443756158425,0.0116855615108989,-0.0052941785665566,0.0473240976265438,0.9987969133605924,0.0485734255778762,-0.0121527257450918,9.933784619058347,-0.038620628374474,-0.0509188811164353,-1.0484708303319636,4.257887743565886,-0.6384140295737784,1.0484045907782131,1120.4891344294203,1154.9502872060127,1134.990097750963,1115.2385003550799,-251.8606790805296,107.89843804492001,-223.6539941582793,89.69606030936093,157.94157542995055
49.2425,-0.4548768821907915,1.0601612410751449,0.1607075561917635,-0.035358236437544,0.0542226514798178,-0.0020006931497091,0.011598751630249,-0.0052005685699866,0.0473224060388182,0.9987984991936428,0.046396826868586,-0.0104939541390345,9.942604603734656,-0.0384735747969632,-0.0510310047455576,-1.048142170186142,4.257832708326862,-0.6384841720410315,1.0457666089020354,1119.9282944726397,1155.2302619525033,1134.4826808475575,1115.309759164182,-212.83903325723284,130.2445148383656,-204.43652409574952,-1.784007697414378,157.9412118635995
49.245,-0.4490452109170983,0.6993262412150592,0.4709773399676016,-0.0355002994374465,0.0552729364486016,-0.0014539084505426,0.0115115252595113,-0.0051118518002535,0.0473184796349673,0.9988001549774272,0.0442420923906262,-0.0086766621768888,9.951374575034887,-0.0383504680504327,-0.0511377009727503,-1.0477616328994814,4.257778743295688,-0.6385552020552774,1.043122482027938,1119.4249392631336,1155.6015097802049,1133.9679151304836,1115.2295803165928,-203.7018970097828,189.72544104071247,-238.9950212466516,-27.4667346599786,157.94082325265742
49.2475,-0.4412851776305404,0.2786790625909191,0.8448125978788817,-0.0360366109073896,0.0555880176459222,0.000530042430034,0.0114229652321966,-0.0050310808122525,0.047310583029676,0.9988019570145747,0.0422086914383501,-0.0067263706383709,9.959983014174185,-0.0382590286030677,-0.0512346181243646,-1.0473283585377127,4.257726069410441,-0.6386280697047603,1.0404761724207523,1118.9097849875902,1156.178889157707,1133.2877057413236,1115.1724254908822,-173.55378548338518,235.3908331541201,-270.21765829374107,23.19398060551357,157.94032525431652
49.25,-0.4342777220530129,-0.0550184478553165,1.1259406087113892,-0.036836275101721,0.0557329727731714,0.0035773140241483,0.0113333096040862,-0.004952054239161,0.0472998440908914,0.9988038791887432,0.0402147956993123,-0.0046448414331274,9.968328896760273,-0.0381869837709812,-0.0513203058424076,-1.0468454788924069,4.257674331218332,-0.6387030255568865,1.037832408365999,1118.5571703357175,1156.7784639459744,1132.6168268390163,1115.3455502196202,-126.49081135607636,261.084782465342,-299.49546023608445,155.6855017287541,157.93988210506387
49.2525,-0.4195662448271216,-0.3724521923670439,1.3446417652285911,-0.0376944141855528,0.0555594318414576,0.0078592428568504,0.0112442231399987,-0.0048702297941539,0.0472866366123586,0.9988059096378876,0.0382118824156238,-0.0024148966793219,9.976324563154654,-0.0381245126824377,-0.0513961125488447,-1.046319430149382,4.257622525426729,-0.6387796803168325,1.0351960688640265,1118.2773309308104,1157.4843130700328,1131.7902284401443,1115.9508529995253,-100.89646030809784,290.8305431735575,-357.6570317051381,333.13490113311,157.93940788975743
49.255,-0.3904482709320319,-0.67638242574017,1.5009365784146576,-0.0386791195129467,0.0546933735387255,0.0123832871079772,0.0111594993083802,-0.0047868933993326,0.0472724146683177,0.9988079346450144,0.0362665184657507,9.818641830583452e-06,9.983898952029628,-0.0380730940996157,-0.0514672834813451,-1.0457590078883943,4.257569211870714,-0.6388581071332173,1.0325706607727267,1118.0526880341768,1158.2326166618427,1130.8285416804897,1117.0112247252866,-76.42479109100078,288.5049514712479,-409.03915715955,537.3188917127188,157.93890672688931
49.2575,-0.3333361579809593,-0.9586160647173876,1.587357485142414,-0.0400774218032969,0.0530655446625534,0.0162211480080876,0.0110834322172433,-0.0047084111912005,0.0472604921540869,0.9988097229655072,0.0345422924680236,0.0026736259175172,9.991001094024243,-0.0380438959070729,-0.0515397058144848,-1.045174417436341,4.25751375906403,-0.6389383875911879,1.0299570692860924,1117.8952069753552,1158.9268378273898,1129.7450326543456,1118.6374474580903,-51.92136373202804,256.08476901812173,-483.9723248497048,823.4486885982946,157.93837187079694
49.26,-0.2248082124648476,-1.258306408368059,1.6284967739571024,-0.0420024608600979,0.0503591202474669,0.0198408819922221,0.0110209334746209,-0.0046393810638882,0.0472564390704417,0.9988109372761486,0.0331617191151856,0.0056283917834087,9.997602387873664,-0.038043714437333,-0.0516209263987569,-1.0445762457411107,4.257455939283325,-0.6390203996463834,1.027354291350528,1117.7930812155168,1159.5130405069324,1128.4086800562432,1121.1284681682744,-21.781626316340176,145.8597063590041,-477.32654297718136,970.1353328786848,157.9376898472669
49.2625,-0.1059796624044983,-1.460057130789303,1.6190260745119407,-0.0430499295033639,0.0472913220676933,0.0225059489012987,0.0109695101259101,-0.0045838825434659,0.0472588680705392,0.9988116530926539,0.0322214406393175,0.0087732966782149,10.00369872049264,-0.038076359005629,-0.0517040033285201,-1.0439747397695616,4.257395357380096,-0.6391035381067072,1.0247586755824762,1117.7862988437735,1159.6561363591852,1127.3583999394586,1123.488124122486,11.537731071933658,-38.430021045522494,-387.26937824570285,951.9588485215667,157.93708731066616
49.265,0.023181309458359,-1.5889938221443916,1.5569745490724807,-0.042991641449401,0.0431060764551753,0.0254557230426787,0.0109240560544669,-0.0045417713995171,0.0472620238154176,0.9988122004488293,0.0317217367024354,0.011954908773916,10.009308058922564,-0.0381359507761651,-0.0517778122797268,-1.0433784305201637,4.257331741776008,-0.6391869916963024,1.0221660081239023,1117.8507698708763,1159.3208904017047,1126.4723331650139,1125.8882624108846,33.498101566131936,-261.84949304730424,-339.5183979469398,1003.5128136010404,157.93644873675024
49.2675,0.1627667392102884,-1.6370956196338247,1.3921009058949243,-0.0420174533790749,0.0369690519145971,0.0298647283772501,0.0108779255483826,-0.0045080265002505,0.0472657289829564,0.9988126820313088,0.03155481600758,0.0149904623932913,10.014467492152212,-0.0382068920086555,-0.0518287004210212,-1.0427935157640456,4.2572650464927335,-0.639270574374838,1.0195725111851948,1117.953789351604,1158.3468888939499,1125.6608079497255,1128.5056881904868,26.185821803742574,-434.73259068683126,-255.7042455018801,875.4867488279683,157.93564047754063
49.27,0.2514621655358749,-1.5846184256024864,1.1528265499337491,-0.0407814511694627,0.0316558324171436,0.0344628079526051,0.010828511675094,-0.0044839694589304,0.047273938724974,0.9988129305434174,0.0317349731897355,0.0177705437661889,10.019226689736865,-0.0382881091530741,-0.0518510242037231,-1.0422225145105914,4.257196218794554,-0.6393544884348574,1.0169750384220335,1117.981698979895,1157.1472274482694,1125.1938119375038,1130.2656961550267,-25.796618387435487,-516.5610154672862,-152.7055724616858,581.6627024292055,157.9349319425991
49.2725,0.3051183101236797,-1.4544389606034587,0.7902509217207426,-0.0393763298056269,0.02715279183503,0.0394742804100918,0.0107784534600221,-0.0044715269835666,0.0472894541258673,0.9988127743809422,0.032285747526413,0.020290711613774,10.023644041710423,-0.0383810994139866,-0.0518505138960427,-1.0416651061806284,4.257126439011226,-0.6394391342884946,1.0143726841182734,1117.8248062596667,1155.764083816612,1124.8972800874167,1131.4140017026343,-137.29220020885555,-582.9298341078655,-107.38671881623065,348.69439214303264,157.93418719937642
49.275,0.3372126233661591,-1.2542245250002175,0.2370280083505209,-0.0380645948833115,0.0233813574883298,0.0441260560156805,0.0107277516527514,-0.0044742668359131,0.0473131603670959,0.9988121569832434,0.0332546014085397,0.0224944878636735,10.02778494810674,-0.0384914451581407,-0.0518278131000523,-1.0411197485674653,4.25705668829222,-0.6395243557636408,1.0117673806504397,1117.2952379788517,1154.2325782777327,1124.6568783434232,1132.0091681157403,-258.5821208648709,-491.2396370976,-79.54259653338818,95.49123428300508,157.93325166234075
49.2775,0.3505036639837563,-1.0897815551359695,-0.2667243182522969,-0.0376482158488862,0.0217338524134252,0.0450285514725161,0.0106765660216149,-0.0044958019514131,0.0473451121989643,0.9988110621416496,0.0346855270458332,0.0243324415002887,10.031717270925691,-0.0386258919313846,-0.0517844467450274,-1.04058427767344,4.25698773353272,-0.6396092437384574,1.0091615930851254,1116.5318956553415,1153.3078856311229,1124.4995671047495,1131.8914578740496,-361.2969142413447,-254.25260094494385,-60.19882616393819,-147.20394069151297,157.93243706870484
49.28,0.3651586406161881,-0.9638645679135294,-0.719005957997934,-0.0378571561413223,0.0211112749522121,0.0418677678207932,0.0106237598173698,-0.0045302784961437,0.0473869013189269,0.9988094576739764,0.0364291841018654,0.0257435514937682,10.035509428386227,-0.0387725311236502,-0.0517205678151115,-1.0400572313540084,4.256919940796373,-0.6396928598054713,1.0065576955803892,1115.488753407644,1152.9613152730071,1124.355884212603,1131.2731484122824,-440.9066038613136,-29.35386809065617,-52.87911093305673,-302.21088290004644,157.9315858986484
49.2825,0.3836657573034594,-0.8786503645246416,-1.0616237106057984,-0.0379008326203696,0.0205073019768696,0.0365394204344533,0.0105660033514533,-0.0045657690521807,0.0474430621428887,0.9988072236648468,0.0382119409293799,0.0266353502340189,10.039227344463727,-0.0389077364732473,-0.051632541485645,-1.0395378258664485,4.256853305828092,-0.6397751540618813,1.0039573943967535,1114.3273626360372,1153.1611162906695,1124.2351715500845,1130.3804034595507,-454.4566554137822,203.58474915586652,-30.88611458386606,-387.879646184121,157.93070409474288
49.285,0.3953703778376292,-0.8275538881742572,-1.229565503185004,-0.0369257979125053,0.0192655668780109,0.0308435726793183,0.0105047747175203,-0.0045941641860121,0.0475152160303592,0.9988043072420272,0.0398419473050406,0.0270163450123225,10.042928222612696,-0.0390167226401796,-0.0515267112614511,-1.0390243047629983,4.256787427961156,-0.6398568881296995,1.0013607169014804,1113.216470130574,1153.9792390187872,1124.201453639684,1129.3337501813608,-426.8309533637511,466.3890549791519,29.302602458559264,-456.5008934669033,157.929784864756
49.2875,0.3792306459404017,-0.7643069354045067,-1.2341201414609226,-0.034910087281065,0.0167298975278442,0.0252366780202488,0.0104391618252871,-0.0046186809754764,0.0475957505392007,0.9988010609796732,0.0413539230197515,0.0268458377465278,10.046659529053285,-0.0391076934439373,-0.0514039803486101,-1.0385138378240624,4.256722483908044,-0.639939317919962,0.9987660743700516,1112.1932078692173,1155.4930615655667,1124.3816845623771,1128.097898992215,-295.79576819919185,604.4298858723363,122.52106919320114,-428.27508319622046,157.9286377459795
49.29,0.3300389524271705,-0.6758067773798107,-1.110045185954282,-0.0332841589480377,0.0137368611327162,0.0220504903602861,0.0103692382087469,-0.0046411331867966,0.0476754478662779,0.9987979128485972,0.0427594316192791,0.0261142754023177,10.050457351661816,-0.039186164775876,-0.0512675779668524,-1.0380028705735715,4.25665910376939,-0.6400229205844923,0.9961716765775656,1111.737491289579,1157.001388448146,1124.8140589856491,1127.1923747653816,-85.21701386107638,602.9594325731167,250.40959200701687,-320.56300977425934,157.9276444449351
49.2925,0.2439981385025725,-0.5218820124472153,-0.9137072078495329,-0.0322067670222786,0.0104858001853372,0.0203152158031384,0.0102962758901794,-0.0046565075640607,0.047746328461841,0.9987952522820144,0.0439395057944161,0.0248532052816147,10.054345553394617,-0.0392437852136434,-0.0511239694431261,-1.0374875276698776,4.256597152006218,-0.640106974780143,0.9935759128657476,1111.7671227999117,1158.5078587284338,1125.633732522413,1126.4950839433427,117.12285729271036,609.8207156180314,458.5177962684084,-251.3909909769687,157.92661152149677
49.295,0.110791445525797,-0.2612106574787261,-0.6616258808596917,-0.0315464099567356,0.0078670482405298,0.0194057244519356,0.0102269265170151,-0.0046618354105598,0.0478046961699778,0.99879319792622,0.0448277618155865,0.023210991941988,10.058332315259898,-0.039277204909484,-0.0509905410436878,-1.036962795613921,4.256535780913981,-0.6401902612780354,0.9909784285340552,1112.3231055760432,1160.0504920262379,1127.1066479669923,1125.935419810496,271.6161185043999,493.94981651348087,616.238240284307,-159.2651785913033,157.9253254671966
49.2975,-0.0122823793349412,-0.0021140844189146,-0.4741195449405108,-0.031327903191943,0.0075469765312979,0.0192138804798246,0.0101643356674864,-0.0046539775760224,0.0478540735978038,0.9987915579284674,0.0453580413123877,0.0212763538199885,10.062413097977158,-0.0392826730055983,-0.0508771819636746,-1.0364240324711944,4.256474558574708,-0.6402725246654596,0.9883808600805004,1113.1252033924325,1160.9776078109987,1128.7149237238318,1125.6987580503871,360.8925166407944,278.7881460296314,703.3249324068987,-51.66774994356359,157.92421468207294
49.3,-0.1308672921243695,0.2647900322403472,-0.3338886907046216,-0.0314829303028808,0.0090741732496936,0.0191854921738507,0.0101091376517602,-0.0046324306145368,0.0478937437740573,0.998790356831108,0.0455202563754864,0.0190957752409889,10.06657021428105,-0.0392609296350932,-0.0507887372361806,-1.0358669825608111,4.256413071130528,-0.6403537836203507,0.9857841452667048,1114.127568159248,1161.4444327563867,1130.6232726290289,1125.677081060778,452.64385190825607,96.36659418833533,875.9102372580921,31.552458885955502,157.92306331440471
49.3025,-0.2471654499374306,0.5653413594472882,-0.2258023693146493,-0.0324129165785655,0.011787736561753,0.0189779972297146,0.0100565671586631,-0.0045983296013275,0.0479236100680925,0.998789637736852,0.0453379144825946,0.0166153858328834,10.070774789332724,-0.0392152273368563,-0.0507186493438827,-1.0352883227709122,4.256350508857632,-0.6404339109946511,0.9831887566389004,1115.388422651975,1161.4594407819409,1133.0944749101243,1125.8565203448168,452.0519995176546,-76.74314913067678,908.8590687086787,93.32168289328669,157.92163512918188
49.305,-0.3093203345775109,0.7957815461625896,-0.1800722818407625,-0.0338888333922861,0.0137982077030877,0.0184918394989871,0.0099995365006299,-0.0045515163630399,0.0479417198010831,0.998789562584106,0.0448113182111116,0.0137446167073439,10.074987615306911,-0.039145433250658,-0.0506556256114738,-1.0346856130137538,4.256286891971976,-0.6405130467057025,0.9805949837707422,1116.3878281568343,1161.0607170107337,1135.167567972568,1126.143689475244,375.08161530953566,-222.7478582265801,798.8426124908534,136.2829409406671,157.92040673141352
49.3075,-0.3293712055986315,1.0153791332727955,-0.1695213005489548,-0.0358596914250111,0.0152415940841632,0.0176211666642871,0.009935856619182,-0.0044945216567946,0.0479465254388403,0.9987902117059256,0.0440042949599618,0.010496172396187,10.079158381920323,-0.0390572830409388,-0.0505978287832056,-1.0340562788233134,4.256222905822884,-0.640591362946203,0.9780010327068636,1117.2638307285235,1160.3457014908074,1137.0886879725808,1126.5379350495207,327.09207031986443,-313.4420347483444,719.6307485695754,170.69790134546926,157.9191396125836
49.31,-0.3224126108374853,1.2322722091861311,-0.1826491188986115,-0.0376908878738026,0.0166306363551651,0.0165418077817951,0.0098632771706466,-0.0044293518348997,0.0479398897715953,0.9987915059643728,0.0429743093389425,0.0068875606218871,10.08323027946744,-0.0389555620331035,-0.0505425513851421,-1.0333985093511215,4.256158724821238,-0.640669019720697,0.9754065810535864,1118.0232885084345,1159.4935068369912,1138.7657217154178,1126.997178981972,279.2528577701244,-335.785587405904,588.4269841685531,193.4383847321382,157.91784135750004
49.3125,-0.3092202783230243,1.438647622684526,-0.226181657721116,-0.0384804345398951,0.0188506587544907,0.0155938664723986,0.009780583911072,-0.0043545211492244,0.0479252582491783,0.9987932974204928,0.041712548182357,0.0029641869911071,10.08714297088578,-0.0388379765151854,-0.0504887500653941,-1.0327116339347526,4.2560938464665155,-0.640745763662986,0.972812104756372,1118.660095017373,1158.6667735537794,1140.0308228934207,1127.5051269731805,259.71766110065766,-304.7876492159547,444.49302240113366,225.8792587914521,157.9165069607533
49.315,-0.3295439735992892,1.6431285384416712,-0.3266936426588568,-0.0381886441182368,0.0229320004517618,0.0150727735142905,0.009686925606938,-0.0042657387278264,0.047905224923269,0.99879548780575,0.0401557618145456,-0.0012169161533033,10.090835853273958,-0.0386963803327591,-0.0504355877294248,-1.0319964305291967,4.256027859164269,-0.6408221114519737,0.9702182461861624,1119.3218768139363,1157.9695685909128,1140.9881868274215,1128.126575275928,229.46772677330128,-169.75265742740203,258.7323793150103,222.40641783334917,157.91486574884155
49.3175,-0.4013631595833284,1.7460901302189444,-0.4620354411663271,-0.0376164748502915,0.0273718357130652,0.0151115257844725,0.0095785280750546,-0.0041639693981982,0.0478781066862117,0.9987981881619606,0.0383442828665655,-0.0056633131688439,10.094251167854384,-0.0385329020953116,-0.0503749525004544,-1.0312551041275029,4.255961710958462,-0.6408994741848488,0.9676258485425068,1119.80743365124,1157.818010266642,1141.3244847899966,1128.6171590623478,179.2431633986318,64.51142990532728,56.28298574699178,181.44489249029715,157.91346608458764
49.32,-0.539110843600692,1.7427169344917235,-0.6546571151521796,-0.0372520782791296,0.0326449146462732,0.0151024877699458,0.0094563324190441,-0.0040528923147429,0.0478464117419477,0.9988012515736326,0.0363779512205544,-0.0102934329063211,10.097335400112208,-0.0383561672986073,-0.0503068784393692,-1.0304907982947769,4.25589713767989,-0.6409786249815858,0.9650358292410663,1120.21809263093,1158.2921257404396,1141.2696017561564,1129.03379973838,154.40392122923586,378.72363669514806,-80.16886617095238,157.2001981460809,157.9120346920644
49.3225,-0.7602111931200546,1.5896835268408356,-0.9321815772077756,-0.0376979984145406,0.0393840554611029,0.0146077048640053,0.0093212176468242,-0.0039348785486016,0.0478140194531873,0.9988044740476544,0.0343288395441228,-0.0150309644408643,10.100044095280614,-0.0381721772645186,-0.0502304229243269,-1.0297083734371757,4.255835299853751,-0.641059959179866,0.9624495328927066,1120.5794532573855,1159.711628450116,1140.9236404591422,1129.4031600530775,102.10847473890004,665.9723707591414,-145.75274743289629,109.2885036611174,157.9102819727437
49.325,-0.9572602057101508,1.338244329294854,-1.1678581222450835,-0.0395285571352359,0.044593738522383,0.0131250376853084,0.0091762194039838,-0.0038167132436881,0.0477791668183861,0.9988078854940272,0.0323570295136502,-0.019767264627922,10.102342948594272,-0.0379954117656585,-0.0501483787649295,-1.0289135602092896,4.255776198269474,-0.6411430893032973,0.9598702400303494,1120.7286350046247,1161.6219875942368,1140.5408380189915,1129.580242256686,21.039262023112464,898.0765344049767,-144.10400962612488,42.63717880628612,157.9087933116742
49.3275,-1.1161981274716937,0.9861285977101808,-1.3468637946217787,-0.0434303197670052,0.0482829008100724,0.0093019892460209,0.00902927923763,-0.0037020742074527,0.0477409016108367,0.9988114479148515,0.0305605503220306,-0.024300454362247,10.104209720700634,-0.0378337307454595,-0.050073454934332,-1.0281126910256575,4.255718287812457,-0.6412272703132019,0.9572991917713086,1120.684649567501,1164.2020111221432,1140.2031204110112,1129.616345947109,-63.017596792145035,1241.2331257270043,-116.22798067766436,-10.01801294392864,157.9072768418958
49.33,-1.2163182476806136,0.5070672566712631,-1.423652677765486,-0.0493654350664171,0.0503160979322007,0.0024087313810626,0.0088891089917242,-0.0035950771394372,0.0477010791460677,0.9988149869943856,0.02904143115293,-0.028423567748271,10.105635555575304,-0.0376951280030981,-0.0500194149557668,-1.0273120485264764,4.255659974248301,-0.6413125391920315,0.9547359763910293,1120.4135470206645,1167.8281532228664,1139.959698115604,1129.5301521919664,-127.35462567054888,1365.5162605621463,-54.48308411789126,-41.508304208515845,157.9054264063139
49.3325,-1.2156122939542107,0.1103835476774024,-1.3426736578069438,-0.0536783290286258,0.0501930588456255,-0.0036419777733762,0.0087666774413027,-0.0035029903489879,0.0476656848557033,0.9988181005378,0.0279605220617262,-0.0318980137818822,10.106623965454286,-0.0375934570219377,-0.0500038482424175,-1.0265166152925391,4.255600293983558,-0.6413993510924453,0.9521791074678104,1120.047876439148,1171.0295924249572,1139.9307049904216,1129.4088044260664,-157.27492046663568,1243.70930294881,25.364290656339772,-36.798939008785325,157.90385986621536
49.335,-1.1473492695615264,-0.2329985329518175,-1.118837383282003,-0.0563777960371175,0.0487526360384007,-0.0082204185857463,0.0086705989846267,-0.0034230310908729,0.0476379624165385,0.9988205772926736,0.0272650007254179,-0.0345340706105487,10.107191903087587,-0.0375204414249475,-0.050040557505521,-1.0257306929366716,4.255537497051398,-0.6414881530632369,0.949627137321513,1119.6271724183307,1174.0466997376136,1140.0865195688857,1129.3461574969224,-161.24924174651937,1120.3420903642564,88.62474036653894,5.163014545774025,157.90226910983213
49.3375,-1.0470547536401351,-0.5075715530125727,-0.8104831094346452,-0.0582043755213876,0.0466700929234129,-0.0111134366360103,0.0086072909356015,-0.0033522934271358,0.0476165650738486,0.9988224430156638,0.0268883087100591,-0.036197157497676,10.107366399853724,-0.0374662867297131,-0.0501391758669511,-1.0249566235185583,4.255470379184198,-0.6415786944123547,0.9470772875512398,1119.241630230416,1176.6313028767736,1140.373828692254,1129.4346194987952,-129.1978437609735,872.5727418365833,137.16059776231563,96.11687189185062,157.90065917105412
49.34,-0.9306280895196208,-0.6880788836255344,-0.4580432867395977,-0.0597840606898558,0.0444666261655703,-0.0119986588065855,0.0085684954546275,-0.0032961333906955,0.0475968725164201,0.9988239655054356,0.0269075119705358,-0.0370673085142314,10.107183713941412,-0.0374362632593063,-0.050278884594604,-1.0241952870383895,4.2553999994297085,-0.6416712221075875,0.944525638720334,1118.9811831995255,1178.4095634467988,1140.7723225576976,1129.826741856382,-75.16459064014063,548.4270776490043,187.07473696299053,263.88852438240207,157.89902717646396
49.3425,-0.7859010323653339,-0.8002000841024294,-0.0568386410849414,-0.061589937692558,0.0421782165159316,-0.0111853938853995,0.0085405568187428,-0.0032509991234319,0.0475735183522054,0.9988255210422666,0.0272061538982122,-0.037434247179067,10.106686575303902,-0.0374171791139094,-0.0504291726250317,-1.0234466204889927,4.255328264112464,-0.6417659898492619,0.9419705009560784,1118.8658072772153,1179.37343826502,1141.3092023770691,1130.7540621207079,-11.805339617569013,147.5603133550499,198.77610795756368,417.88551410833674,157.89704466723384
49.345,-0.6618779069863944,-0.8156382385831698,0.2196926853846098,-0.0629856016421236,0.0403822939612068,-0.0095708261677308,0.0085154502206672,-0.0032136154696584,0.0475442327536784,0.9988272920851472,0.0276716042554754,-0.0374821087805598,10.105918763834635,-0.037397964676105,-0.0505714612702739,-1.0227084998447886,4.255256833690368,-0.6418628737871818,0.939411221533308,1118.922156501438,1179.147365013573,1141.7662030974843,1131.9161694269217,40.40095724142454,-287.9248450136748,182.33007834278163,527.3985328751254,157.89537348937736
49.3475,-0.5278451684145422,-0.760577724597494,0.4119052962490667,-0.0644362469053532,0.0385633712145533,-0.007712038299574,0.0084889531955818,-0.0031787603740679,0.0475128707420765,0.9988291468149983,0.028150237374119,-0.0373225255913286,10.10492404759666,-0.0373653154886206,-0.0506955850025391,-1.0219779297883511,4.255186140125308,-0.641961137209052,0.936849016462648,1119.0678120634225,1177.933814039951,1142.2208527687835,1133.3910547850849,60.15335546218572,-713.0996211453283,205.79655520394607,677.9281089901075,157.89368371259843
49.35,-0.3447651102664006,-0.6231098556055569,0.5435017410457632,-0.0658946776829993,0.0363307039093825,-0.0055881118054725,0.0084615807823844,-0.0031432789340442,0.0474850517577565,0.9988308255136968,0.0285314379340292,-0.0369774062721528,10.103744420890417,-0.0373115743644543,-0.0508017682512264,-1.0212514606653442,4.255115909730361,-0.6420594365802845,0.9342859860631012,1119.222923278749,1175.5818669078449,1142.7951858735048,1135.305809971874,34.89883021564756,-963.1701483342233,222.47885345616163,686.8834701961867,157.89163590493578
49.3525,-0.1674528074684443,-0.4573067988587987,0.5813623105729089,-0.0665722136814623,0.0345652456117082,-0.0039100085166593,0.0084318974137506,-0.0031030176838393,0.047462818496022,0.9988322610315796,0.0286816384727839,-0.0365086055962887,10.102421302162831,-0.0372272780118354,-0.0508876686143377,-1.0205266651207818,4.255045362181432,-0.6421568862383321,0.931724338512586,1119.2423062145003,1173.117963298284,1143.3332470360635,1136.8254721360627,-32.403779574753365,-1027.843884831165,233.0460704567203,546.6082273075631,157.88991372918784
49.355,0.0410623222289055,-0.2535199034442291,0.5653436511482903,-0.0667818882274667,0.0334480500246667,-0.0023979222957707,0.0083956867408338,-0.0030520991485849,0.047450647041884,0.9988333006169164,0.0284319030887616,-0.0360320941858635,10.100995829532932,-0.0371000944048151,-0.0509462554321173,-1.01980252559158,4.254973634713948,-0.6422532308373649,0.9291657309667736,1119.0609043808752,1170.4426474836864,1143.960416225789,1138.0388511084132,-134.95052465934722,-1160.0963382616987,294.54226686655994,424.5276460732941,157.88817658467363
49.3575,0.3323363688744129,0.0096845296049196,0.5127456368396917,-0.0666153726006157,0.0331301569182394,-0.0009866746180992,0.0083501595113268,-0.0029937121520271,0.0474542290132816,0.9988336936190028,0.0278026119478981,-0.0356413426292108,10.09950724885417,-0.0369372000792836,-0.0509732196776414,-1.0190782004889305,4.254901085466055,-0.6423482680373832,0.9266110746411534,1118.5675535912035,1167.3174816069727,1144.805958370397,1138.9481103664302,-224.63260025581317,-1094.321343385713,318.22684301247887,229.84271472103487,157.88607625741258
49.36,0.6102232299399888,0.2243801083842921,0.4623310653819857,-0.0659281811732193,0.0335349689114438,-0.0001443755574048,0.0082962665897783,-0.0029343431078577,0.0474736092411335,0.9988334159688032,0.0268918544033607,-0.0353531344286079,10.09799378891586,-0.0367532332266845,-0.0509724370210552,-1.018352943896041,4.254828122775305,-0.6424417181625149,0.9240608701107323,1117.9377413795971,1164.9710407667628,1145.55155044085,1139.1880646820173,-286.38463983378546,-857.318630311163,292.9580404366199,-4.187123869903775,157.88431402699194
49.3625,0.9198521782648534,0.4117070365162316,0.4266603470808838,-0.0644948602519129,0.0343477188692577,0.0005021816154259,0.0082438660718584,-0.0028783998756004,0.0475054410390217,0.9988325344923912,0.0257748707667676,-0.0349971102402129,10.096493012870601,-0.0365601142149668,-0.0509665184914983,-1.0176256044214949,4.254754619088945,-0.6425330611195426,0.9215135123500384,1117.1356303920338,1163.0308884554147,1146.2707485725807,1138.9271747470807,-373.39723668655085,-746.9658252111274,290.4936658664034,-196.76469687837132,157.88254083486072
49.365,1.3139303050023596,0.5806786037033665,0.4181991735078498,-0.0619406221683975,0.0360513163262972,0.001257712751761,0.0082003690102973,-0.0028293898874511,0.0475476957127131,0.9988310777112595,0.0245199195396842,-0.0344454626904005,10.095044981181964,-0.0363688387427685,-0.0509729110132774,-1.016895488233524,4.254680360843452,-0.6426230892757617,0.9189676453073876,1116.0707551961634,1161.2362116407053,1147.0040187701827,1138.2042411976247,-390.82373917844126,-568.206960510832,231.11252924493883,-298.3531664679034,157.88040209132433
49.3675,1.6441008658801195,0.659122376881993,0.446918434722455,-0.0589384680503464,0.0382566780839847,0.0019592606980621,0.0081678769582232,-0.0027868941715591,0.0475994047019676,0.9988290788061556,0.023126954000349,-0.0336673118136032,10.09369399711198,-0.0361831521000202,-0.0509981241246478,-1.016162809642608,4.254605017369972,-0.6427135814030996,0.91642207885941,1115.1815116961432,1160.1898536528631,1147.4263112188044,1137.4354089147423,-334.06128743814594,-328.73339781282544,108.22018770872012,-298.7295297402688,157.87861205278682
49.37,1.947422211889608,0.6618789216739736,0.515473019238501,-0.054710030576672,0.0407966461644401,0.0026856790496781,0.0081464152097751,-0.0027540161477977,0.0476600622269114,0.9988265562017756,0.0216828667536429,-0.0326705434944668,10.09248792225502,-0.0360151040162135,-0.0510435332527183,-1.0154279979209486,4.254530187100912,-0.6428058435092444,0.9138749170896752,1114.4004487589718,1159.5925446516403,1147.5451197087264,1136.7105935489228,-276.80864515636523,-168.0891526868485,-20.78629940064121,-255.5782695008986,157.87681564532392
49.3725,2.2032487551302213,0.6041019022088912,0.6145048360758448,-0.0495648193619004,0.0429880241576141,0.0033724099694486,0.0081350913172823,-0.0027319973960347,0.0477258440979711,0.9988236987111642,0.020255032781348,-0.031473395015685,10.09147910762734,-0.0358739477765212,-0.0511086287204217,-1.0146922992288796,4.254458697004811,-0.6428998058386818,0.9113270309156946,1113.7974684703609,1159.3494078894284,1147.322379721801,1136.1575175672372,-175.97186136497473,-16.455363063384045,-192.98251683766736,-159.27638642384343,157.87501527217384
49.375,2.37233296607913,0.4882544102713827,0.7390684212206031,-0.0436569100420041,0.044616511852159,0.0042938487749209,0.0081285170663459,-0.0027242743301963,0.047791000007343,0.9988208145708116,0.0189700074630469,-0.0301810994098117,10.09072521554404,-0.0357739030153836,-0.0511835217657981,-1.0139582762711716,4.254392641869164,-0.6429946810005391,0.9087820457885,1113.5205894521475,1159.5102678363235,1146.5802071245391,1135.9142116168043,-18.02774754875648,156.47008810352096,-465.0493931524261,-28.18630170538944,157.87321179238944
49.3775,2.443605587844988,0.3106627117278466,0.89055448976713,-0.0360419339491362,0.0459557484156491,0.0063845021645379,0.0081225236488644,-0.0027300573662634,0.0478500927945781,0.9988181942493982,0.0178888771294221,-0.0288652784115606,10.09028861791712,-0.0357212789936922,-0.0512612409494178,-1.0132297326993382,4.254332973789358,-0.6430893908631223,0.9062422952397812,1113.7073297326172,1160.1317583299451,1144.9971327560413,1136.0165860587103,173.27757654534483,289.5091817003387,-694.5520418603877,95.0151664571845,157.87104630557087
49.38,2.3775995507370182,0.1549197778361458,0.9920930599758632,-0.0295685805518622,0.0463296174075577,0.0092073925346876,0.0081105850092034,-0.0027423765618198,0.0479029558257182,0.9988159005240458,0.0169626871785284,-0.0276351873248094,10.090236812762916,-0.0357097786340721,-0.0513304518953919,-1.012511890026496,4.254279692296497,-0.6431826607811945,0.9037100188251528,1114.3869773348747,1160.957813744826,1143.1074469152354,1136.3892874490905,394.8900955744901,373.3427881635544,-847.7972809276008,187.53348651825445,157.86924239412085
49.3825,2.173588861883656,0.0198595406904467,1.0398233324721011,-0.0233908085603654,0.0459364675413216,0.0126697111566433,0.0080905316123933,-0.0027571249941065,0.0479539183408516,0.9988137237100748,0.0162178628732335,-0.0265121105265072,10.090638924581368,-0.0357384536647356,-0.0513881417586797,-1.0118093836113609,4.254232127664699,-0.6432740016162591,0.901186856226642,1115.6817802104906,1161.998472270764,1140.7581463514011,1136.9542534913023,711.2702946512502,469.243955038218,-1078.8770673223817,262.4302824190749,157.86744137514788
49.385,1.7756965552775954,-0.0934059195679248,1.0191195759596932,-0.0167757087659374,0.0446888967437979,0.0164922526604523,0.0080613533311218,-0.0027679435711892,0.0480096511102523,0.9988113255014776,0.0156452921835883,-0.0254900647999907,10.091564906908216,-0.0357999282389167,-0.0514335545466724,-1.0111259820641867,4.254187917061695,-0.6433637264990855,0.8986714671256982,1117.943328808128,1163.3040335200149,1137.7130615786284,1137.7014388611847,930.903215382274,454.2247275121504,-1097.808909793987,263.6145639911789,157.86528621076317
49.3875,1.3321510350482175,-0.1397189578664641,0.9376664604366732,-0.0122361974209452,0.0431694596501615,0.0190388795491178,0.0080200196826867,-0.0027728031316059,0.0480737275265168,0.9988085071862808,0.0153239533163384,-0.024607614550697,10.093083082527771,-0.035892212132931,-0.0514612134195354,-1.010463516012521,4.25414438471816,-0.6434522003683248,0.896160592005432,1120.3362962874044,1164.269595908326,1135.2691018024284,1138.272326311259,1022.3006474445584,322.32691390829007,-892.5623006937238,195.21209966668735,157.86349737846297
49.39,0.8040281888311963,-0.1455419950238499,0.7982159641987376,-0.0089805147232337,0.0419421782289082,0.0209913382579047,0.0079646320086644,-0.0027721297593745,0.0481473477767641,0.9988052118687674,0.0153799403650399,-0.0238842626138664,10.095256414730308,-0.0360148991841111,-0.05146717949156,-1.0098210135799337,4.254098899410361,-0.6435398761813664,0.8936504275703279,1123.0548320453531,1164.9156680895571,1133.2502500751575,1138.6774993595186,1201.0687829271328,181.47072143481768,-735.4456144761439,121.35636538530105,157.86171858541297
49.3925,0.1252694948274015,-0.138689697571676,0.5749930622727742,-0.0072548523222671,0.0417927458281817,0.0229126254821523,0.0078951976673134,-0.0027665705022106,0.0482247788891063,0.9988018095982985,0.0159353630633832,-0.0233042939865748,10.098139075036196,-0.0361643545224227,-0.0514509219042939,-1.0091946344316183,4.254049966338166,-0.6436281174741106,0.8911364484116187,1126.3416402020343,1165.1769495154992,1131.591873730051,1138.8791081381848,1148.71795679824,4.800471944915716,-463.96527048708685,18.944305324466168,157.85959887488264
49.395,-0.4317112974673486,-0.1500929250336349,0.3494758145096501,-0.0082876866066716,0.0425899245689491,0.0242368224555131,0.0078157835077289,-0.0027542551014791,0.0482981998874038,0.998798695002704,0.017049307410045,-0.022772350732995,10.10177284510277,-0.0363291776659382,-0.0514195192152906,-1.0085780955876287,4.253996565906414,-0.643718117759731,0.8886166617717091,1128.7984218293475,1164.9396704492815,1130.930423722721,1138.7722208861408,853.5047654616573,-176.80017084126172,-125.39773524297694,-101.36363121031808,157.8578473050779
49.3975,-0.9281077058819192,-0.2019340736188673,0.0925613891461687,-0.0117431901792091,0.0435483946218139,0.0250703524920813,0.0077291910922879,-0.0027268439082965,0.0483622587359212,0.9987961468346152,0.018627576062096,-0.0222184293091287,10.106185909321344,-0.0364827057631108,-0.0513770817643798,-1.0079644207478071,4.253937833720052,-0.6438106552610791,0.8860929157123812,1130.609164029345,1164.2929486612925,1130.9648850538358,1138.3722899821328,575.2228152579621,-304.98642590146574,101.65153882490054,-204.57402086586129,157.85611428320297
49.4,-1.3507421800475836,-0.2887002858975931,-0.1800716718298775,-0.0160977340134229,0.0442631075539106,0.0252616153381615,0.0076438669916919,-0.0026818248746515,0.0484153338626171,0.9987941938037568,0.0206731196813758,-0.0214714819762734,10.111388115113554,-0.0366093068862483,-0.0513375808024858,-1.0073453077492451,4.253873523927244,-0.643905652913957,0.8835683733237178,1131.6745359056347,1163.4147383197756,1131.4386814168447,1137.7493507818126,218.87907483953936,-369.3443867666631,247.51009829420647,-292.53008137296587,157.8543991035326
49.4025,-1.6817315366269072,-0.3991615801730239,-0.4547820072756187,-0.0203882874666735,0.0440070708673507,0.024539750181421,0.0075621960539295,-0.0026185517362551,0.0484556425146302,0.998792909129421,0.0231912788648443,-0.0204924335523383,10.117372771373695,-0.0366956871497711,-0.0513021685701854,-1.0067132307415616,4.253803989284505,-0.6440037855088264,0.8810451750070876,1131.7035594035433,1162.4462267274582,1132.2024355453075,1136.9096395752674,-225.73680547436473,-389.6066324039392,338.92383607409045,-399.7565639502456,157.85270857510517
49.405,-1.9906956401688625,-0.5182288088083434,-0.76208914242655,-0.0251795224719989,0.0419578841235922,0.0227537004224055,0.0074804129907654,-0.0025345312537266,0.0484760667040217,0.9987926684119696,0.0261124969970956,-0.0193725570191513,10.124116607169755,-0.0367237421483467,-0.0512600549835856,-1.0060619172128602,4.253729557087032,-0.6441052558514428,0.87852415064825,1130.5458518782623,1161.466705157755,1133.1333005972162,1135.7505679620604,-595.4780089426054,-287.5183868254567,306.12489805285446,-432.7462912977196,157.85071270177923
49.4075,-2.189229997232725,-0.5767424737937566,-0.9813299242953478,-0.0291197709718606,0.0390192799365986,0.0206754615694497,0.0074026608729981,-0.002432257080271,0.048473170528671,0.9987935922855992,0.0294449138600421,-0.0180561075069067,10.131576027523955,-0.0366872052213339,-0.0512158584379791,-1.0053844091120008,4.253651030385501,-0.6442092389773673,0.876003181035183,1128.7261693588327,1161.0086347933322,1133.7330600355704,1134.7459081187808,-845.5294878529224,-72.26021845168303,179.8788509788199,-388.83999129960216,157.84908004119163
49.41,-2.3319874222916273,-0.5767382741937906,-1.1411360750711768,-0.0335330336221075,0.0359369045000036,0.0179445075284336,0.0073340871920266,-0.0023202233317697,0.0484463324395424,0.998795646177456,0.0332899105855488,-0.016479833682259,10.13968949681625,-0.0365935618952959,-0.05117597563325,-1.0046738341639931,4.253569134646583,-0.64431533410819,0.87348069076917,1126.3182044389955,1161.1054040654965,1134.0326948521108,1133.8063680055611,-1106.5617014123995,184.78797085112643,68.3045465616138,-377.12039752340195,157.84748319980415
49.4125,-2.423892040239871,-0.5250977996834353,-1.241928965738996,-0.0397202002618831,0.0334607882371107,0.0137781757877953,0.0072804086234814,-0.0022132652423144,0.048399453101307,0.9987985616542688,0.0378521637088296,-0.0145809847764988,10.148378997463219,-0.0364653376961255,-0.0511478120519562,-1.003923777268626,4.253485083674264,-0.6444226613898068,0.8709577712122815,1123.193360851768,1161.9325746475884,1134.0745827683786,1132.8603061311628,-1119.0468137267717,409.6431950986331,-12.075839424607762,-304.6046694483308,157.84561333429718
49.415,-2.412717500437666,-0.4679209932395195,-1.2394934968201523,-0.0455417061610295,0.0327415601179432,0.0097348268221171,0.0072409101513579,-0.0021276694567189,0.0483433030031287,0.9988017829201332,0.0433385149758215,-0.0124332892153587,10.157554333102379,-0.0363301466391686,-0.0511262472208233,-1.0031297644869694,4.253401184340387,-0.6445299983831768,0.8684357724232952,1120.7229703703667,1163.1536200409876,1133.9723156549878,1132.283344658321,-894.2280205666038,561.2071638982655,-20.842624965133176,-177.5097176837791,157.84409718928256
49.4175,-2.280824623287855,-0.4327136834626225,-1.148808640663414,-0.0519446282647256,0.0330471081610753,0.0058999559920207,0.0072074706322806,-0.0020697143275519,0.0482885848257496,0.9988048316659212,0.049728699961717,-0.0102538747747658,10.16711764245139,-0.0361971378250625,-0.0510933925267688,-1.0022904012652651,4.253318866828633,-0.6446371110360016,0.8659160400560738,1118.7222207489328,1164.7386104670811,1133.9703696435529,1131.9727575427435,-723.6051432140749,719.7246742736253,84.9823712752388,-71.90481093553858,157.84262829421252
49.42,-1.9578194801042688,-0.4390747184549438,-0.961225670696328,-0.0597920076998502,0.0336123183672938,0.0024308326690287,0.0071751428393909,-0.0020330099456817,0.0482414933984868,0.9988074499866592,0.0567355525318971,-0.0081838175904399,10.176964593500978,-0.0360522520375876,-0.0510403640356622,-1.0014065007828463,4.2532383148116555,-0.644743693868929,0.8633989584235062,1117.1049446542945,1166.7522434123575,1134.3972275113642,1131.9238206036432,-450.32741038362497,708.9846819703862,264.0563319357298,32.00942171086536,157.8409236157072
49.4225,-1.5491095633462795,-0.4815078617132185,-0.7657009456303454,-0.0656510761739565,0.0333682695627532,0.0006179177731099,0.0071383978249233,-0.0020096808238604,0.0482028833904793,0.9988096488158976,0.064032927797991,-0.0063728665608144,10.186987229371812,-0.0358800107850768,-0.0509586685772388,-1.000480677877721,4.253159045437301,-0.6448498771366268,0.860884861219469,1116.4705836970168,1168.2835338769298,1135.2906513032303,1132.1328046512976,-116.5786291402441,532.0137448875819,485.54464756801,122.1901617793094,157.8395533278205
49.425,-1.0187786392279303,-0.5387552198927698,-0.5616996523208644,-0.0699452574682762,0.0319099537970314,-0.0002860394312834,0.0070950428473018,-0.0019967182754697,0.0481720970093076,0.9988114806937504,0.071394593135065,-0.0049042435207411,10.19707460589256,-0.035676708181196,-0.0508470957732022,-0.999516388590558,4.253081808710797,-0.6449547166939821,0.8583764678144177,1116.5220515085928,1169.412312136797,1136.8249507492055,1132.53477141254,112.47106132235488,358.0404910688218,707.3444348783161,177.04277428911192,157.83823695165944
49.4275,-0.4233555644166254,-0.5859829369384937,-0.3692149740783386,-0.0725908628300425,0.0297916925001933,-0.0006829946048473,0.0070462318328337,-0.0019875574844166,0.0481487869379069,0.9988129681019166,0.0785283598152018,-0.0037843806875787,10.207116451885346,-0.035433475382017,-0.0507122726023422,-0.9985181523421072,4.253007308751888,-0.6450569965064171,0.8558763669954808,1117.0329390036288,1170.0737363322748,1138.8273734776235,1133.0180185227437,281.1462307544217,135.3054585897874,870.7574376631517,190.082108635661,157.8369661274834
49.43,0.1911855714449954,-0.6017041682313256,-0.2025483951148492,-0.0728698615653883,0.0274836117894644,-0.0007413804195208,0.0069897035024443,-0.0019764181759906,0.0481335390563874,0.99881411398888,0.0851625137396643,-0.0030837860446756,10.217006072338293,-0.0351440437822356,-0.0505544214235263,-0.9974912804409451,4.252935815885807,-0.6451558762418683,0.8533855817395687,1117.9277826623638,1170.0888394297451,1141.178737937517,1133.4851819557175,439.5452593564212,-145.200553504463,1038.8831469267786,175.31607524306435,157.83575072338695
49.4325,0.8663130296467036,-0.575535145715837,-0.0349455996660331,-0.0701193200404987,0.0251071653216558,-0.0006717173068385,0.006925114280189,-0.0019579636892796,0.0481271087055645,0.9988149006482876,0.0910482117832075,-0.0028272882204316,10.226639925153128,-0.034804109919295,-0.0503776867532449,-0.9964403981411848,4.252867007980484,-0.645251265581758,0.8509037236384637,1119.230665300412,1169.347733564752,1144.0217892122603,1133.8945988989594,490.2887978873188,-388.14418525219634,989.0516068870909,112.96246242026103,157.83435633908357
49.435,1.3222185202004246,-0.5202077618745118,0.0824791459675622,-0.0656452127057306,0.0236976920206351,-0.0005988046019474,0.0068535553283219,-0.0019231121799824,0.0481286515928715,0.9988153839489292,0.0958765878603886,-0.0029990610235076,10.235919095311548,-0.0344024209208072,-0.0501891911945328,-0.9953687846437776,4.252799733353564,-0.6453433487418117,0.8484291360272788,1120.3792266518017,1168.1481185034831,1146.1239959719553,1134.049994267819,451.6710141935179,-576.0119470026675,733.3630843837758,21.882011069530456,157.83324763177424
49.4375,1.6267758261658432,-0.4403795734323878,0.1854619100518418,-0.0598738276204888,0.0230246156799856,-0.0005405306600001,0.006779279451555,-0.0018719256542359,0.0481361566352827,0.9988156300026791,0.0995466631403446,-0.0035202360876921,10.244745676690224,-0.0339463618358781,-0.0500006949471752,-0.9942765723491882,4.25273380369258,-0.645433019622542,0.8459575603171374,1121.4890203713776,1166.4676738297414,1147.6886046341758,1134.0040089543068,466.9506487955613,-807.1397897910239,538.5248611559641,-53.190141462894815,157.83219426314477
49.44,1.8135054027435291,-0.3242640431479435,0.2997096259490825,-0.0528446585274321,0.0227850447401287,-0.0004197481127705,0.0066981002292876,-0.0018103598913976,0.0481460196981539,0.9988158224222744,0.1020900004940331,-0.0044837906238115,10.253026353041648,-0.0334540913559236,-0.0498054906805126,-0.9931618675270464,4.252670445400819,-0.6455220650733303,0.8434829468211636,1122.7139798957771,1164.112419554532,1148.8166202777327,1133.7840435605049,427.9975348265536,-880.5684370774586,295.38897951027485,-90.5346620138508,157.83099459186445
49.4425,1.8451916450926769,-0.2080163562006295,0.3871649031413913,-0.0476094365741539,0.0225480685956294,-0.0001674657051297,0.006611423750832,-0.0017411586626066,0.0481545271091763,0.9988161196682072,0.1034996502580597,-0.0058600578779112,10.260670838305915,-0.0329376996370798,-0.0496069082909744,-0.9920203253137958,4.252610028003241,-0.6456123109949758,0.841000774128789,1123.6290080455115,1162.064831644352,1149.165549531728,1133.5513356442375,343.79270525738013,-786.1281390441561,47.63998791138256,-78.59038111269528,157.83004903444208
49.445,1.7997791312971416,-0.0590305618355349,0.4578670349217027,-0.0433295170255537,0.0217834827669809,0.000426623211688,0.0065228667830227,-0.0016661754536221,0.0481593370591913,0.998816604261949,0.103774769661541,-0.0075695081886318,10.267593267581985,-0.0324073821339151,-0.0494113464849547,-0.9908465668380132,4.2525523975129245,-0.6457051104749771,0.8385093002484292,1124.4329434220651,1160.1817788593091,1149.0548202172895,1133.3910916549412,330.16612731051293,-737.6113832733495,-107.5556221273087,-28.118897343145466,157.82916061764126
49.4475,1.7243480806148572,0.1714355690643514,0.5029398614801822,-0.0392816373446465,0.0204469575385464,0.0017638928643516,0.0064311231556951,-0.0015851416701843,0.04815972091347,0.9988173188667008,0.1028879777092636,-0.0096289840060556,10.27371632137856,-0.0318680989198461,-0.0492146006816963,-0.9896366567534922,4.252496735833756,-0.6458013370852183,0.8360105288972423,1125.2798386820623,1158.3767747279885,1148.627771421092,1133.410741157522,294.35955240040533,-557.4533286523878,-174.89580839815207,54.67865991601615,157.8281620072068
49.45,1.6875296169021847,0.404648497548161,0.4891936570013208,-0.0368163054182938,0.0195788432009285,0.0035020171635328,0.0063404681457645,-0.0015014037925182,0.0481598861844197,0.9988180273057788,0.1009130229293257,-0.0119435146561127,10.278969600385768,-0.0313320517858824,-0.0490224327195897,-0.9883883473001078,4.252441916675968,-0.6459010258729208,0.8335102052862017,1125.904741184068,1157.3945122160455,1148.1803411752985,1133.6644849545214,241.22499706665104,-266.5720319671892,-176.0069988237783,154.66808212810335,157.82738736309864
49.4525,1.709075791373563,0.6551193250650613,0.4048706818856162,-0.0350629340666229,0.0198590118536998,0.0057729526479805,0.0062568659555268,-0.0014183809512198,0.0481646451602228,0.998818456749038,0.0979465093827548,-0.0143817969230213,10.283295170949724,-0.0308108777515608,-0.0488439956956154,-0.9871028067362252,4.252387156938516,-0.6460039053616515,0.8310147116304815,1126.4859636673964,1157.0439145681519,1147.7477364269723,1134.1840815681628,234.15515901591257,-34.17964897851942,-167.7902267621155,246.85514832967496,157.8266742702317
49.455,1.7784932447789028,0.8846256439580905,0.259602375170349,-0.033281381182129,0.0217074730967293,0.0080528856044205,0.0061863406397209,-0.0013368243058696,0.0481751731912654,0.9988185157433834,0.0940478821073441,-0.0168058790982533,10.2866524803817,-0.0303098346149442,-0.0486896115602448,-0.985785183596176,4.252332039890141,-0.6461082608213957,0.8285285544017592,1127.0755169791464,1157.223613971153,1147.3413900414887,1134.8987606961687,249.5579910845296,190.56133348880647,-166.2279166749672,318.85380107753065,157.82601381439613
49.4575,1.8700020733646068,1.03906803501662,0.0579439701125091,-0.030205416668097,0.0253961557170398,0.0093348836026529,0.0061296320807628,-0.0012597967420784,0.0481907145316557,0.9988182352946904,0.0893349613170056,-0.0191860458560422,10.289021985091368,-0.0298374451205707,-0.0485600000316743,-0.9844443025060204,4.252276853930463,-0.6462120507332071,0.8260538920563703,1127.7337536228197,1157.9967212355964,1146.9165968435973,1135.7783505735513,316.5118354971327,460.76943958941297,-210.4790298705044,401.3659970991505,157.82541903615635
49.46,1.925501524919216,1.0888098530317807,-0.2046946897875668,-0.0239548577168703,0.0308560466513721,0.0089359450639302,0.0060835298720129,-0.001186700226012,0.0482127911468333,0.9988175631772592,0.0838612728512524,-0.0215679196666175,10.290408831643767,-0.0293943767535633,-0.0484493560511148,-0.9830917894791212,4.2522218086430685,-0.6463139164933231,0.8235918689783494,1128.658076156633,1159.5274611691016,1146.2889948921356,1136.9055906816654,362.60761167628755,651.7532767041773,-259.97599333846665,408.2082265672472,157.8247844316537
49.4625,1.8641145974329087,1.005354292136811,-0.4030516455577323,-0.0169600940631553,0.0353884691845025,0.0074130914614555,0.0060508393567466,-0.0011224428674254,0.0482430348109953,0.9988163964149692,0.0778123305955096,-0.0238754606058771,10.290839815960544,-0.028992336799145,-0.0483640215550641,-0.9817392619088688,4.252166581767868,-0.6464135399775772,0.8211410509000712,1129.5467916811995,1161.2554876191143,1145.616716876906,1137.8193917063857,370.320319724389,777.4203204095218,-299.0520787055919,345.3364144891618,157.82432412578478
49.465,1.6430452462609635,0.8115897308368646,-0.5435585817181805,-0.0098789524267834,0.0387578666574456,0.0053503255095666,0.0060328180410933,-0.0010715726511539,0.0482778563394345,0.998814896103553,0.0713753008316753,-0.0260589771589335,10.290366903723331,-0.0286414286546666,-0.0483081272023846,-0.980398120023138,4.252110800233862,-0.6465112167167785,0.8186998611144011,1130.5096777552556,1163.4145627711512,1144.793734498607,1138.632272754112,416.44834961931855,1039.8550722529899,-376.7721379304367,325.36037727333405,157.82393834942903
49.4675,1.193794697787372,0.507702916347113,-0.6211325707468478,-0.0034482844090025,0.0403683133032723,0.0024909501087338,0.0060292960004332,-0.0010348757275867,0.0483113918800664,0.9988133476902964,0.0646678976854599,-0.0280896157573821,10.289066427497744,-0.0283438949990868,-0.0482836690246353,-0.9790786114743558,4.2520544399006415,-0.6466073801963544,0.8162667748007909,1131.6290334292971,1166.454762980382,1143.7328561872528,1139.4461935927532,383.20248191378886,1174.9458740320051,-377.8952239497156,267.55540381306446,157.82356590930908
49.47,0.7007612114310073,0.242708805594318,-0.605754908297346,-0.000411900550918,0.0398062923497149,0.0001359814813443,0.0060372093631264,-0.0010090594870997,0.0483419879345559,0.9988118551300867,0.0577295170008205,-0.0299900847495473,10.28703648659384,-0.0280941144553905,-0.048287063815481,-0.9777891438660228,4.251997700173958,-0.6467026471985872,0.8138385116767015,1132.4256901648228,1169.2892921413059,1142.90425837886,1139.9700497731762,271.1205805973327,1162.884833588074,-291.51554538869823,171.38279423207095,157.8233343682327
49.4725,0.1480775265805397,0.0078732446608154,-0.5180149429596103,0.0003319393395385,0.0385182825916297,-0.001906869088824,0.0060463814395291,-0.0009892120137129,0.0483667805780083,0.998810624483479,0.0505655479454062,-0.0319227234976457,10.284393348369386,-0.027882739062558,-0.0483008372333798,-0.9765360952583964,4.251940636247355,-0.646798395279451,0.8114120262227725,1132.9846363322845,1172.2691871483253,1142.2752784603088,1140.303107563914,188.16623590950636,1284.20837589895,-207.53008811401128,93.3313915184476,157.82318899995812
49.475,-0.5050471571279936,-0.2216178610461549,-0.3582723899272799,-0.001099102748617,0.0375411878655623,-0.0037094872277543,0.0060488985771106,-0.0009753811899124,0.0483825815105832,0.9988098588035436,0.0432904391925704,-0.034003717615454,10.281263688543577,-0.0277106100645429,-0.0483112673169051,-0.9753225250300456,4.251884720249761,-0.6468951788219841,0.8089852976649812,1133.3665213443708,1175.7103340208039,1141.8666079382895,1140.4367067307687,106.50208655625327,1185.3807356565862,-84.88140981179174,0.5537346739861765,157.82311910141175
49.4775,-0.9901527863306664,-0.3713326340520641,-0.2092538705810874,-0.0039920217333826,0.0374006945063654,-0.0044221820276333,0.0060423113092169,-0.0009677295890592,0.0483879623033453,0.9988096424886352,0.0360297502845296,-0.0362333404130193,10.277780042124077,-0.0275797373880104,-0.0483150300505984,-0.9741484551984456,4.251831480427681,-0.6469922466109849,0.806557268111935,1133.5171467650653,1178.1960908266028,1141.85087141125,1140.3058762372839,58.876346123649355,851.6940544451434,60.19078084106344,-98.57118528465848,157.82315093568977
49.48,-1.3696020661533592,-0.4803686247021705,-0.0827558306865224,-0.0082163921499423,0.0373255492073639,-0.0042721053373407,0.0060212678729886,-0.0009695665276992,0.0483848614632965,0.9988099115497492,0.0289722185146203,-0.0386716488469149,10.274077499402724,-0.0274983156600734,-0.0483026120722666,-0.9730120995340162,4.251781900501852,-0.6470886853264053,0.8041292010599557,1133.6609030749892,1179.9688042930316,1142.1675618424947,1139.9438508043452,85.66742714597405,555.8722880859817,176.7028232250601,-171.34818175373186,157.823278865747
49.4825,-1.644127671623474,-0.5483589897264217,-0.0015279739996327,-0.0130679795536298,0.0365861851740147,-0.0035625686716193,0.0059831374438545,-0.0009815060254641,0.0483727501618366,0.9988107080947746,0.0222526507817232,-0.0413174811010338,10.270288736603128,-0.0274689458193526,-0.0482701337670679,-0.9719101359137858,4.251736130128592,-0.647183578457673,0.801702098174819,1133.9454839007951,1180.975452267034,1142.734385527376,1139.4491353285148,175.21901626607834,204.20326417111409,278.7344610049138,-206.25805965074164,157.82348771217073
49.485,-1.7912439953393915,-0.547457466050316,0.0028036146987194,-0.0181623639151494,0.034594768830992,-0.0024632368241363,0.0059346885932178,-0.0010032260878763,0.0483491974087953,0.99881210930173,0.0159923086420177,-0.0439747897707482,10.266538450046339,-0.0274922141268603,-0.0482319498786728,-0.9708373553781688,4.25169304808551,-0.6472763712657489,0.7992752125078274,1134.5369981563188,1180.9898206138864,1143.5612341475182,1138.9125605060924,341.32428082426304,-198.74875073982204,412.2664399573006,-209.79578155118543,157.82379475952683
49.4875,-1.8407087764209689,-0.4449143782410954,-0.0907776996410649,-0.0236593086152568,0.0314716800217709,-0.001155178132643,0.0058827466000774,-0.0010315086626001,0.0483144444073922,0.9988140659366685,0.010247020335232,-0.0464444256538616,10.262942139659472,-0.0275619133011559,-0.0482021548759036,-0.9697880475574392,4.251651533430256,-0.6473671474544626,0.7968484864070495,1135.6521053049175,1179.9817085133343,1144.7957177271635,1138.4001564207583,460.3159018448797,-497.59081078625064,483.9736042832808,-140.7187822467866,157.82427645922317
49.49,-1.79924637456088,-0.2736488987318986,-0.2423494674508649,-0.0274410841808273,0.0290316158548834,-0.0003105878001149,0.0058284765786548,-0.0010551927137995,0.0482728050207645,0.9988163692431408,0.0048953068121008,-0.048637843397499,10.259604711041554,-0.0276545429448451,-0.048183627953628,-0.9687571986918688,4.251609509818622,-0.6474569605459092,0.7944228742684944,1136.8385776655443,1178.501866559954,1145.9811021689359,1138.208966594858,482.56607058177224,-657.5734679904668,494.99710622566903,-2.645425658604513,157.8247712461844
49.4925,-1.696768879696212,-0.0366245060085745,-0.4399742662211677,-0.0308067574458175,0.0275140563221476,-0.0003282602696399,0.0057706130323538,-0.0010656671752499,0.0482276875673852,0.9988188657584998,-0.0001463351162975,-0.0505225434649763,10.256616994789907,-0.0277494683106909,-0.0481733643440759,-0.967739957709328,4.251564447468428,-0.6475470179650771,0.7919987364307312,1138.0649356578242,1176.6938411733852,1147.2707032582896,1138.3869292924653,475.7840806302123,-793.4146543404073,575.8783666450437,183.57348195395093,157.82536083102255
49.495,-1.5178388462314252,0.2682433100045031,-0.6741406619954042,-0.0349332781943554,0.0274767241608523,-0.0022402249144576,0.0057112746278092,-0.0010555349032491,0.0481820956331176,0.9988214012683339,-0.0049476271279702,-0.0520034162302518,10.25405384977788,-0.0278271473296392,-0.0481737128746214,-0.9667313374306268,4.251514280615076,-0.6476386425010983,0.7895765196527496,1139.2174980686968,1174.5347932882498,1148.8604940021623,1139.1268340046283,316.05884303491814,-744.01473578003,575.506191075807,365.74564602378285,157.8261744601116
49.4975,-1.3243322336671628,0.4884204815581128,-0.8220129690885283,-0.0383969939754796,0.0290009858406456,-0.0052427077001501,0.0056494462155107,-0.0010227904522314,0.0481384593085516,0.9988238630887633,-0.0094874503448156,-0.0530621170896186,10.251974926315931,-0.0278771372805303,-0.0481794231620533,-0.9657267883187828,4.251459121462064,-0.6477327466525417,0.7871554327225908,1139.6452298729996,1172.9737674944831,1150.14823421367,1140.2156575225852,14.296097534783527,-541.3666095806014,484.38572854841766,528.2774110257635,157.82693790165416
49.5,-1.0844770133239394,0.6157060373743428,-0.8800254557872285,-0.0415528254311631,0.0317520965751594,-0.0085936941933038,0.0055852085078652,-0.0009677479264795,0.0480988909775297,0.9988261489632586,-0.0137139444606988,-0.0536687402808802,10.250424460301735,-0.0278932644655819,-0.0481862978397488,-0.9647220828771929,4.251400438938452,-0.6478302212046617,0.7847358992195843,1139.2889785563707,1171.8279602403493,1151.2824226449025,1141.7682210597548,-353.17305376979965,-399.0627135414789,430.06885690386304,762.9196443467781,157.8277858792262
49.5025,-0.7463321849913324,0.6159172613106745,-0.8250541376441909,-0.0444349722072626,0.0359281444114288,-0.0123095742828103,0.0055216146396589,-0.0008950820751416,0.0480645840235346,0.9988281827537934,-0.0175013964258385,-0.0537464085500045,10.249431749789991,-0.027878290055452,-0.0481949721416524,-0.9637131733963906,4.251339973956345,-0.6479310998451692,0.7823192598529924,1137.8793646041522,1170.9784539267775,1152.2985784981875,1144.0302557443156,-662.5624256189687,-235.6235971587625,289.3901442224771,862.3183998428566,157.82889574047584
49.505,-0.4286497721501115,0.4800252829167425,-0.6767986726308934,-0.0458248986033265,0.0395053726613465,-0.0150714528200798,0.0054626308525937,-0.000811500900064,0.0480327741740952,0.9988300720196726,-0.0206998056371945,-0.0532116496022084,10.24901277741598,-0.0278393378574535,-0.0482077261640179,-0.9626965580187092,4.251279727268067,-0.6480349846928465,0.7799057614875174,1135.976166428274,1170.6498422545549,1152.7293733660156,1146.0798130589712,-862.6030971524094,-83.60092564162457,60.36026698122082,804.1368527566169,157.8298931213517
49.5075,-0.0823569007508817,0.2275471668348911,-0.4403819913983062,-0.0464023965964754,0.0418950790005866,-0.0170587316520906,0.0054107258010679,-0.0007200419139314,0.0480038094727748,0.9988317852109824,-0.0232525826405231,-0.0520180603159026,10.249171999576848,-0.0277774315713972,-0.0482244261210909,-0.9616697534656184,4.251220000553468,-0.648141805385427,0.7774953088653159,1133.566349118388,1170.5604492985692,1152.6003798330937,1148.0509400081007,-998.0839968604398,-26.827107868099873,-154.02475528503967,737.3652392489814,157.83095996569972
49.51,0.2815375554346701,-0.0788565917182825,-0.1547779564707228,-0.0464216486258364,0.042435653734269,-0.0181012798537474,0.0053722629832392,-0.0006299762296862,0.047981273482377,0.9988331074834552,-0.0249867744117341,-0.0500549257501442,10.24990269638888,-0.0277070232105413,-0.0482523671664674,-0.9606301805701184,4.2511601014495595,-0.6482505961407888,0.7750875279266864,1130.9857464439765,1170.5157067152145,1151.959249589591,1149.7666392552128,-1010.7433427772608,-45.008943222023554,-372.7606395966089,586.3103933575715,157.83207969787622
49.5125,0.6576668175662268,-0.3846300064871778,0.1539347773573762,-0.0453846843619427,0.0405761283860021,-0.0179794681460356,0.0053486809401394,-0.00054753435892,0.0479685282030967,0.99883386601965,-0.025809725312886,-0.0473176006009342,10.251190064466009,-0.0276370032521063,-0.0482906891927357,-0.9595764555081828,4.2510994833569855,-0.648359883492189,0.7726832477365906,1128.512632404499,1170.3354045824588,1150.7365766351097,1150.98249197489,-993.0383148101475,-147.6585973532264,-635.5114493128825,389.3385111700636,157.83325703906056
49.515,1.1084525132578102,-0.6774687892560298,0.5029139077004824,-0.0427373524883228,0.0365482899766597,-0.0167269831098777,0.0053347188055662,-0.0004793143461853,0.0479633142377442,0.9988341975797884,-0.0256390729630727,-0.0439459450348327,10.25301301739394,-0.0275766618351943,-0.0483271449391084,-0.9585083083554607,4.251038386382397,-0.6484683791142088,0.7702829599090064,1126.0205548699232,1169.777413728448,1148.781692343025,1151.713331811064,-796.777643567472,-271.8300905181621,-754.9827527944262,143.13658346658767,157.83472821282547
49.5175,1.4728618092038244,-0.8300240206384659,0.7431602380346618,-0.0396928822649926,0.0329169385140711,-0.0148531220847924,0.0053232679720078,-0.0004254507714683,0.0479619905815511,0.998834322207918,-0.0245352023140533,-0.0401167801537701,10.255344834157972,-0.0275234808073159,-0.0483477990844872,-0.9574263020483912,4.250976402711928,-0.6485756136781063,0.7678857254001592,1124.528744186665,1168.9762541298694,1146.961662871141,1151.6981748922224,-449.2411880305074,-376.5993108511686,-709.1350704805345,-116.9337399720318,157.8359969592616
49.52,1.813764275492514,-0.885202694668209,0.8976158098085418,-0.0361310377267865,0.0300258742096747,-0.0121631282652487,0.0053053898387041,-0.0003792097110681,0.0479629922493973,0.9988343710808402,-0.022706873739852,-0.0360416461153644,10.258154596527064,-0.0274627927873664,-0.048336745042807,-0.9563317294594388,4.250913823730174,-0.6486811821072239,0.7654911928909562,1123.7743489297695,1167.8944171741912,1145.2360169906203,1151.1286631112037,-153.62941838562946,-494.97369039656553,-679.1016478044803,-334.0376412746647,157.83730338973902
49.5225,2.177853827862063,-0.864184223032068,0.9571363692719504,-0.0310827021483683,0.0276601851532959,-0.0083194657318889,0.0052784416462894,-0.0003385985849501,0.0479628176965479,0.99883452907871,-0.0202633480651839,-0.0318103748323358,10.261406718443412,-0.0273904689262124,-0.0482905251975299,-0.9552251811921644,4.25085180327413,-0.6487848764478409,0.7630995056055137,1123.7605970947368,1166.5013856778853,1143.5661546321169,1150.027986685848,136.7750081309048,-482.4975915923756,-518.8101482998434,-431.8149594511231,157.83890725737376
49.525,2.4240980546080815,-0.79740422260531,0.8942371722198919,-0.0261561202368,0.0262822858500122,-0.0047688055513594,0.0052460227878656,-0.0002949718924304,0.0479603117863835,0.9988348359209568,-0.0174453015475978,-0.0273797077093099,10.265061741095144,-0.0272914681852665,-0.0482184984141626,-0.954107111774492,4.250791048131499,-0.6488868914222784,0.7607111055075488,1124.4582239704234,1165.4819292162315,1142.6419662491237,1148.96958831395,406.0492485009232,-330.9534258759539,-264.42948787817045,-402.1684870899424,157.8402687675199
49.5275,2.578413919076264,-0.7010709169152636,0.7246538312765569,-0.0204884892864197,0.0250024735042386,-0.0013714126436748,0.0052194419027092,-0.0002478123381725,0.0479577152908028,0.9988351237494052,-0.0143182071328641,-0.0225568411857443,10.269076263899564,-0.0271681222366498,-0.0481438796754237,-0.9529769108699188,4.250731724284053,-0.6489871089953065,0.7583265488545738,1125.7908433372424,1164.8466185485047,1142.2440071927251,1148.0171442503975,697.6495806241998,-163.0698914065836,-71.03393392950241,-346.589171310784,157.8416502843545
49.53,2.610707119691402,-0.5646686307126226,0.4390424802797807,-0.0124762816048489,0.0234465561673181,0.0016996165990401,0.0052004957959144,-0.0002033110650329,0.0479609940351806,0.9988350926571302,-0.0108163621607861,-0.0173508748221201,10.273407013311704,-0.0270355672944831,-0.0480707773511191,-0.9518345750747348,4.250674216788507,-0.6490859697631279,0.755946090126919,1127.9464718735462,1164.666579759198,1142.286796579476,1147.2366424573952,852.0233625007694,25.592703252983117,77.00365784196674,-205.05508052638567,157.84332473687894
49.5325,2.4772317416005127,-0.4383660438137269,0.1812456511389767,-0.0047802973859175,0.0222501365246128,0.0028622663407286,0.005179746708985,-0.0001640471853062,0.0479737945670944,0.9988346101838018,-0.006955841779585,-0.0119983124181778,10.27801211013806,-0.0269011198955227,-0.0479820983214952,-0.9506812228088176,4.250618848032686,-0.6491843653925208,0.7535693649329535,1130.0509601497424,1164.9745820647695,1142.6290254819348,1146.9918688477665,866.4295109486944,184.0867359358949,163.93106047003835,-10.715474826833063,157.84472945444367
49.535,2.1553086566110093,-0.3026509920447054,-0.0262931488171487,0.0030846449792503,0.0212630265336775,0.0019502729810156,0.0051522590378945,-0.000128128555407,0.0479956353109554,0.9988337214660116,-0.0028367203701561,-0.0066396111162879,10.282847694357912,-0.0267636726210135,-0.0478695955517775,-0.9495174052246304,4.250565585754921,-0.6492826857847356,0.7511971435440408,1132.278619428292,1165.587013438878,1143.1064518818266,1147.1830650832608,883.2171140424664,257.97492386191595,187.57780606728784,135.1403340054039,157.84613872973702
49.5375,1.684978999572562,-0.162419781980642,-0.1424642369711215,0.0100266107880058,0.0205381858907361,-0.0006351229593185,0.0051144114715648,-9.734095824017457e-05,0.0480222724471669,0.9988326474682748,0.0015208136062382,-0.0013929253807465,10.287868256185163,-0.0266286237713487,-0.0477269933516518,-0.9483428237719702,4.250514197531654,-0.6493804871823927,0.7488293852923277,1134.467045719957,1166.2644566840795,1143.5669145122715,1147.6675705177938,836.2948230683616,243.37829728764825,157.66254782607362,233.41681851455488,157.84754813425891
49.54,1.0802961676768648,-0.0227659971750207,-0.1147736963231773,0.0147799727168458,0.0202107934632809,-0.0043440764917743,0.0050733038660481,-7.893309001103626e-05,0.0480475659647315,0.9988316424146904,0.006222179241012,0.0038369552691343,10.293023472539964,-0.0265119406923103,-0.0475674942725867,-0.947155129155022,4.250464839368685,-0.6494769579481277,0.7464636250466365,1136.46009354363,1166.8039049253152,1143.8947646209563,1148.3501491758327,802.0387048486998,171.5806640096648,99.98601650008256,296.6736947011515,157.8489534988712
49.5425,0.2929776771403714,0.1336975877984521,0.070711968299845,0.0171665240504694,0.0202973867633688,-0.0080917722378825,0.0050386768998402,-7.637243250563416e-05,0.0480665920118575,0.9988308940012268,0.0113000234863089,0.0092011440445343,10.298260389553349,-0.0264218649726887,-0.0474089788424808,-0.9459511635051904,4.250417183188513,-0.6495722309940125,0.7440974888083631,1138.4772392442023,1167.1223600041285,1144.0668445947724,1149.1509389913003,662.1191197608164,60.10755678836738,25.968329259135675,254.91774252741976,157.85063011835484
49.545,-0.3331873685661599,0.2458737263919816,0.2964291133835828,0.0160386830260394,0.0207537863023768,-0.0088851183300135,0.0050215850144435,-9.151155737043815e-05,0.048078525495933,0.9988303932218582,0.0167566391152184,0.0148763021967365,10.30352382925899,-0.026362908294867,-0.0472709995323844,-0.944727305047207,4.250370108461037,-0.6496669457273427,0.7417300928843892,1139.7706891424357,1167.1044427092572,1144.024606267252,1149.6247378884705,426.51373193082367,-41.72987485484712,-49.987472413022246,115.6096222661432,157.8520155556917
49.5475,-0.8382660594726568,0.328072231523828,0.4940286424715165,0.0117497831085552,0.021545654481518,-0.0063388089465297,0.0050254585038452,-0.0001232321276488,0.0480856192085425,0.9988300249004533,0.0225256342239141,0.0208812402551119,10.3087598566073,-0.0263322684218917,-0.0471580234274293,-0.943480957912118,4.250322080388497,-0.6497622303279391,0.7393619538331475,1140.6098079038547,1166.9137106298544,1143.8169072327075,1149.7289871026303,261.72352894482424,-73.97300117737213,-123.8419328125295,-60.1151353520583,157.85338477033503
49.55,-1.2420133620264688,0.3803450622138072,0.5845084571761586,0.0048430972174993,0.0227535406220595,-0.0011082030735507,0.0050436686441257,-0.0001626535331841,0.0480901455618042,0.9988297181546764,0.0283686890287894,0.0270308664084704,10.313918543655708,-0.0263104262025688,-0.0470555847053835,-0.9422115944184424,4.250272184399326,-0.6498594725352355,0.7369956660988458,1141.0793067871605,1166.73457770337,1143.405396603189,1149.32416221171,87.4581228913947,-18.213651087162138,-176.6581104122912,-236.343752266218,157.85500466759217
49.5525,-1.4072875159371123,0.3784523014173656,0.487195376383924,-0.00048362685066,0.023920095597258,0.0034529168833533,0.0050710486463417,-0.0001967505744266,0.048091763172407,0.9988295162917068,0.0339594011976291,0.033169864213703,10.318951774730284,-0.0262691348293865,-0.0469520854754729,-0.9409198426230668,4.250219867067847,-0.6499592686047523,0.7346330895114469,1141.047098518312,1166.8226423744184,1142.9336166806456,1148.5472683412988,-87.43357964216324,119.55933655942276,-215.8018851762934,-381.6191708109105,157.85633223940317
49.555,-1.4372093150497964,0.3246216804505199,0.203569839021425,-0.0040088299689017,0.0250233546455379,0.0073010618523151,0.0050932614260177,-0.0002201486084587,0.0480894778681574,0.9988295344234132,0.0391155188526573,0.038942101996835,10.323817100664748,-0.0261932189711992,-0.0468180016496589,-0.939608014453629,4.250165464064176,-0.6500619973478732,0.7322757750970658,1140.64213888895,1167.3323743861667,1142.3263871773083,1147.4160663576572,-241.74510521594496,333.0599208040554,-294.48494641668213,-532.4059888764627,157.8576331011799
49.5575,-1.3897345295633283,0.199871069588664,-0.2937503741583397,-0.0064293206901696,0.025935757484559,0.0098622068918045,0.0051025347432217,-0.0002349653520361,0.0480839481848809,0.9988297726920422,0.0438122170912836,0.0441157128421822,10.328473313031674,-0.0260822206732524,-0.046635838824262,-0.9382784018132586,4.250109617705415,-0.6501676055248011,0.7299246592165088,1139.8383729922316,1168.4879419784395,1141.4611919485615,1145.8852383969152,-329.10034233188054,498.90770229319,-329.3895596534773,-544.3903096180236,157.85915903023553
49.56,-1.3250922819327295,0.0483651878740798,-0.7591830911093627,-0.0079313895389468,0.0264466504355341,0.0088931705237948,0.0050988433025945,-0.0002406358297261,0.048074503513589,0.9988302595055424,0.0479734975075234,0.0486198542520888,10.33288183061181,-0.0259314665848667,-0.0464038040874392,-0.9369332864757988,4.250052585211222,-0.6502748922785551,0.7275796971802378,1138.9966371772898,1169.826912897634,1140.6794393790403,1144.6941148095657,-350.9963021326721,570.2491343670047,-301.51209692130715,-400.92533291717785,157.86039811173032
49.5625,-1.2610093597269376,-0.1468096143739618,-1.1621423117807772,-0.0097948374340505,0.0268284231717264,0.0039823095035491,0.0050829279016588,-0.000237417949201,0.0480629379461564,0.9988309066000828,0.0515398373462156,0.0523989280813765,10.337009619466855,-0.025738636331474,-0.0461225244605306,-0.9355750180530492,4.249994624910271,-0.6503821960489459,0.7252402241777546,1138.0833914815698,1171.339187650272,1139.9536314639563,1143.880611732331,-397.2707799263365,636.13346769274,-269.1288824161976,-216.009512884526,157.86159929274316
49.565,-1.1844778436627816,-0.4174455134793707,-1.4645844700855664,-0.0127778406364718,0.0267031851440379,-0.0043547037580437,0.0050535982789034,-0.0002239753708217,0.0480542697612346,0.9988314839601138,0.0544178623700533,0.0553614857377994,10.340831320054164,-0.0254993008082013,-0.0457903808432731,-0.934206010210616,4.249935217005091,-0.6504882927855352,0.7229052292513048,1137.01028327766,1173.0075802360948,1139.3337949669603,1143.614067245144,-377.5500001455727,535.9051362333033,-158.017733528378,42.6489967245525,157.86299178688486
49.5675,-1.1091863410839713,-0.6555019280596031,-1.5313493768714699,-0.0157196610264844,0.0257930495475031,-0.0109949503088224,0.00500928578121,-0.0001944707110683,0.0480509351846586,0.9988318857108448,0.0564226491771494,0.057418629641342,10.344329659214488,-0.0252014479242697,-0.0454069824837985,-0.9328284881812205,4.249873172193803,-0.6505929246481269,0.7205727094398423,1136.195641480841,1174.01871333144,1139.163542796314,1144.093856715954,-298.9972313190554,278.738016454866,28.471172519888555,338.8471674151873,157.86410749807987
49.57,-1.0058907989748445,-0.8777906999756064,-1.4225190988765855,-0.0184429256309699,0.0239153773183778,-0.0158246486899134,0.0049569557110904,-0.0001507165135424,0.0480534568567191,0.9988320445686076,0.0575406907082367,0.0586587481422318,10.347490251795536,-0.0248493862453071,-0.0449885035412095,-0.9314431015937298,4.24980892207928,-0.6506957773990074,0.7182409716249553,1135.515297121064,1174.4012703183698,1139.47615082956,1145.3083030822208,-245.3307968445145,33.54441517666014,213.47893040784896,591.6690467500225,157.8651718714621
49.5725,-0.8698915255955498,-1.063282675367366,-1.209285753988535,-0.0206695113889291,0.021233424998463,-0.0190002422456611,0.0048961212708853,-9.825207313384228e-05,0.0480586649548647,0.9988321050549258,0.0578358024475418,0.0590238987515039,10.350308676269476,-0.0244551839384963,-0.0445381262182283,-0.9300508906749466,4.249744225433419,-0.6507961736384443,0.7159096020481861,1134.9689874966195,1174.1864354073232,1140.2309374483523,1147.0522019497012,-184.14441912445585,-218.27514139511297,404.5754602745296,791.0960327415114,157.86618980128034
49.575,-0.6844043898311603,-1.1789600849411035,-0.9301318889722135,-0.022457511007201,0.0176540398550888,-0.0205424065440481,0.0048288134125232,-4.360880202885374e-05,0.0480598586827262,0.9988323727521636,0.0574058831866998,0.0585205617179778,10.352787115817048,-0.0240347164340726,-0.0440646402419257,-0.9286529031515152,4.249681522946776,-0.650893538831331,0.7135804945669257,1134.5945750254411,1173.3098946113937,1141.4990281309335,1149.2637832459304,-124.90924916840387,-488.963685223166,655.6958151593618,1025.8166575892783,157.8671470793865
49.5775,-0.3909368067302773,-1.2173836390999555,-0.5853824766906259,-0.0244010187768755,0.0126290281098569,-0.0211472373764734,0.0047586479992155,7.979282724733708e-06,0.0480527827172261,0.998833032463025,0.0563395170311407,0.0572032206900499,10.354935221793156,-0.0236037574522963,-0.0435803092286487,-0.9272507119427564,4.249622920183679,-0.6509875132669858,0.7112558440867817,1134.3444412507772,1171.741616981206,1143.5094165241508,1152.1812852376504,-59.10992409463607,-608.9778960685717,794.4604208738788,1069.8570283559727,157.868220523555
49.58,-0.079307056972311,-1.1669745988956335,-0.3222362265774655,-0.0258009129243672,0.0083926568523944,-0.0210307104182415,0.0046906311790903,5.84672131270919e-05,0.0480348872993193,0.9988341844895564,0.0545962161065604,0.0551773395508664,10.356771079864057,-0.023166631839838,-0.0431007354603398,-0.9258467110141704,4.2495692840220185,-0.651077821088221,0.7089380099060121,1134.2990254049682,1170.2650051310536,1145.4713302352995,1154.6130683877054,14.46776623846914,-560.3208562228564,807.1847698869497,921.7546369605601,157.8690493654896
49.5825,0.3021361665152135,-1.0550209856383495,-0.101317450800443,-0.0264589928134067,0.005139936806611,-0.0206260215432155,0.0046295767064377,0.0001150871095968,0.0480063408996507,0.9988358024779352,0.0520463432324311,0.0525649434818255,10.358321158262788,-0.02271916840997,-0.0426413589740093,-0.9244438438127838,4.249520963071454,-0.6511647106406128,0.7066280070916562,1134.4167800819696,1168.9400127000904,1147.5453403735876,1156.7900584224556,87.18232039264053,-486.47265825282045,886.9322261020909,846.8419130251946,157.8698074779669
49.585,0.8224458610242383,-0.8980844793777529,0.1173865623212927,-0.025763421184569,0.0030030322753439,-0.0200537721180149,0.0045769222616716,0.0001826718213515,0.0479683566499269,0.9988378244302596,0.0486270098591096,0.049431146997825,10.359619607746408,-0.0222617993199283,-0.042210662099493,-0.9230449962868776,4.249478009717807,-0.6512492939504463,0.7043249906761426,1134.7349370069317,1167.8326418397883,1149.9059913658123,1158.8472779528336,144.4780564195248,-299.61586994913847,803.9580462055292,632.1480121023634,157.87063373423592
49.5875,1.283004821689936,-0.784283757714404,0.2721547281867741,-0.0238387333590425,0.0025786577498583,-0.0196180514042917,0.0045399977618239,0.0002564424537472,0.0479211720460471,0.9988402038568472,0.0444996948753437,0.0459683091584734,10.360702680468725,-0.0218127461311803,-0.0418265007910948,-0.9216513490334441,4.249439500495671,-0.651331897927834,0.702026761200946,1135.1391703640663,1167.441933350346,1151.5651306046116,1159.9507984829645,190.6125772717976,-40.916521846181226,555.5732590497769,293.3577790485151,157.87125228507927
49.59,1.73083555884205,-0.7128390975262072,0.4152629529055873,-0.0206834510000156,0.0026537931286115,-0.0193466231186142,0.0045224077453023,0.0003319880445138,0.0478650395470227,0.9988429140328786,0.0398330072006082,0.0423054696459334,10.361612827566667,-0.0213881003766365,-0.0414990379628562,-0.9202632931968328,4.249404535668497,-0.6514124417194671,0.6997309635206131,1135.6879998932911,1167.6280592305573,1152.6838576610623,1160.314066848077,278.7070614446686,193.528469543836,330.83310317393983,-14.559689815079592,157.87179863250475
49.5925,2.1955285297096614,-0.6688742675745146,0.5867730578591969,-0.0154469672299988,0.0017494086461021,-0.0192387321810999,0.004526814005436,0.0003977190742389,0.0478009692901033,0.9988459032792814,0.0349593642823638,0.0385565837151773,10.3623952974243,-0.021015459461083,-0.0412350752616526,-0.918879866952815,4.249371930682024,-0.6514911867077952,0.6974356766619305,1136.5327056712906,1168.4095756980655,1153.219296120482,1159.878000033889,344.5841912336569,353.22181762435616,48.85903088843303,-292.5269328517902,157.8723724784821
49.595,2.474112274561827,-0.6426293963123518,0.7273282588456096,-0.0095479103184058,-9.64829227265204e-05,-0.0189697431355368,0.0045553721151222,0.0004429354137075,0.0477343334242433,0.9988489152823088,0.0302059715995422,0.0348351048980802,10.363097720917494,-0.0207189782520282,-0.041039310492594,-0.9174993218713584,4.249339726784154,-0.6515692620280791,0.6951405236104043,1137.4109208494579,1169.3941683186774,1152.9281528155043,1158.8514321838193,389.8590203734609,428.58024087396086,-268.43938630327006,-516.9257926014864,157.87278429298382
49.5975,2.5828085950894586,-0.593146365921783,0.8427397463619518,-0.0021301081366693,-0.0026421175163213,-0.0178671414185181,0.0046014080556921,0.0004675873330384,0.0476699022018853,0.998851756043908,0.0256791328217219,0.031089822974221,10.363772533716324,-0.0205002815376535,-0.040900132235586,-0.9161206164082238,4.249306777640928,-0.6516481888150629,0.6928460849273642,1138.4820007731587,1170.5524769024366,1151.877099188965,1157.2933710708803,458.7766754293097,469.19418243613666,-533.9468861942802,-679.0679972765411,157.87312922918176
49.6,2.5180535167793026,-0.5068476556602932,0.9070035580948268,0.0057859077205035,-0.0053429368698466,-0.0156851986058821,0.0046562809501384,0.0004782307336636,0.047610431431628,0.99885433810659,0.0213501721450806,0.027240624409787,10.364472358244733,-0.0203466091467262,-0.0408020708475117,-0.9147431099870909,4.249272332552123,-0.6517286227357507,0.6905530860929746,1139.7048042266056,1171.7401392308593,1150.2584183845315,1155.4560921974348,519.8124948150232,462.0776623107868,-755.1911516365683,-758.4164740195395,157.87342000121347
49.6025,2.2286907394144224,-0.3734300215514609,0.8680338476864086,0.0133858610277509,-0.0074637178684208,-0.012017093684634,0.0047086380699673,0.0004894856105625,0.0475585086852097,0.9988565863406395,0.0170206323203786,0.0231618757857242,10.365249167994245,-0.0202285765003846,-0.0407247437766706,-0.913367042742418,4.249235552251201,-0.6518111574010628,0.6882624007895505,1141.0810632472317,1172.8628652139885,1148.1011434307857,1153.501288700786,632.0387164919289,464.4488602393619,-1018.055056710525,-832.8241751079363,157.87364674044437
49.605,1.6387295935360187,-0.1789561209890155,0.6662986067227271,0.0212626289882822,-0.0085946564284339,-0.0064147012490999,0.0047548806176927,0.0005027139236349,0.0475163122728145,0.99885840515826,0.0127698944280356,0.0188759406659393,10.366148348107272,-0.0201403995888099,-0.0406604293612208,-0.9119921244198704,4.249196540798896,-0.6518958944772654,0.6859756753184943,1142.8649978090668,1174.0623835320573,1145.1681431009763,1151.291971321893,671.0931052703677,411.40117260994754,-1080.4372671155236,-754.5022098016722,157.87384609257035
49.6075,0.9844530328927602,-0.0124366076231685,0.3738783508587181,0.0258675029822791,-0.0083662914203714,-0.0020548373297768,0.0047863770484296,0.0005126201650291,0.0474835230383345,0.9988598429876688,0.0088017364105253,0.0142931822451024,10.367213488829663,-0.0200868396467807,-0.0405917154265307,-0.9106189053684236,4.249156118590284,-0.6519817979012149,0.6836936178956422,1144.4365287735852,1174.9198710770393,1142.6989570952053,1149.7287776517755,642.2983849149589,314.3583433040152,-921.1178700296578,-542.4181150614389,157.87395228749605
49.61,0.2361380352676637,0.1316115976760903,0.0073420216628526,0.0273933899026818,-0.007200034382254,-0.0005096295047729,0.004799668556035,0.0005164092973928,0.0474604551790326,0.9988608975452624,0.005262224769906,0.0094302339092334,10.36848338046567,-0.0200679165114312,-0.0405110339616833,-0.9092481484331532,4.249114580216273,-0.652066682731678,0.68141586423368,1146.0764897336387,1175.634175248576,1140.5625537508324,1148.5798807465883,731.7940938491014,287.3862426604668,-779.4506901651963,-402.1320910546127,157.87399677408337
49.6125,-0.6680107559830581,0.2627111610390744,-0.4111620915202747,0.025599170049371,-0.0052275145856394,-0.0032451987861314,0.0047957066702662,0.0005118852155257,0.0474493177259755,0.9988614606192936,0.0022758597114003,0.0043907393931904,10.369991704138046,-0.0200826354931297,-0.0404190273822292,-0.9078806646207856,4.249071861206767,-0.6521497023202426,0.6791426513110946,1148.0954992428326,1176.3568022903423,1138.8017036443773,1147.7181171965017,741.0081750700857,250.15144936215555,-460.90734512644366,-238.03663388904724,157.87397900383226
49.615,-1.357863247381858,0.3410159653082653,-0.6690682355897662,0.0217413779617794,-0.0036093868668442,-0.0078871177897193,0.0047845711693449,0.0004969842609818,0.0474467959433675,0.9988616453030984,-4.354420407991916e-05,-0.000538175653348,10.371765123264412,-0.0201298728142735,-0.0403331145577853,-0.9065167430801963,4.249028224226038,-0.6522307879711838,0.6768744600180828,1149.781530608991,1176.8849324953871,1138.258017025199,1147.3896975771424,660.6753254869187,206.9533486713744,9.976985921193751,-71.58713787191263,157.87390481993876
49.6175,-1.9207708643473425,0.4092023050608502,-0.7891089608528176,0.0165206800095934,-0.0025410117041353,-0.0121626482742488,0.0047724438264734,0.0004753233098393,0.0474472181194808,0.9988616951594644,-0.0017211966161946,-0.0051518831671368,10.373826467816047,-0.0201975843084577,-0.0402638906719705,-0.9051572198848592,4.2489835572857215,-0.6523101233965304,0.674611846360552,1151.398875870264,1177.3915690336983,1138.8515885739832,1147.3601815071424,676.1897365147157,229.0822716169452,520.9738230158173,27.786121224002606,157.8737688601609
49.62,-2.4078469100266253,0.5160316991126705,-0.7847015872797893,0.0093788078507787,-0.0019792083378037,-0.0154653601360486,0.0047550009151967,0.0004561877048258,0.0474481742329787,0.998861743023875,-0.0029273982657716,-0.0094668519218115,10.376194864534147,-0.0202628731301341,-0.0402027524855114,-0.9038037188551404,4.248937328217704,-0.6523890581906054,0.6723561746210108,1153.1624792915663,1178.0303438534727,1140.8628861402794,1147.5286281832623,604.2368605537469,243.2833937177867,918.4909029452986,79.85182462971812,157.87353423694492
49.6225,-2.640385154421897,0.6494212212834075,-0.6889407766597964,0.0026491448157877,-0.0018805814637169,-0.0167064677522529,0.004727129146111,0.0004436670504132,0.0474495631263673,0.998861820473621,-0.0037432120729153,-0.0135311322187979,10.378880788209884,-0.0203126002498035,-0.0401384924252267,-0.9024570071794352,4.248889478560214,-0.6524686092999828,0.6701079659498373,1154.4200601730345,1178.6079860022878,1143.444043088712,1147.7594406302912,447.194137158792,236.8297216726995,1143.2490258870012,102.99904688086188,157.87327921245327
49.625,-2.685823526365182,0.8409353327880225,-0.5378104114507535,-0.0047389103492713,-0.0016158738187576,-0.0170418133551272,0.0046826098335887,0.0004349606428697,0.0474487519407031,0.9988620860757136,-0.0041257256122418,-0.0174332994859,10.381884388979444,-0.020346211887379,-0.0400567859438099,-0.9011163915135008,4.248840618849238,-0.652549671352392,0.6678659090799423,1155.3984499773583,1179.214492461835,1146.5791312697093,1148.0436234176664,338.6029917463371,236.3854945402967,1271.7834894798411,124.28622428253608,157.87296259889365
49.6275,-2.581468688787261,1.0723407790757455,-0.3608734376339882,-0.0121041962002144,-0.0006161712715077,-0.0172662395590156,0.0046260293693668,0.0004227571456912,0.0474441819549135,0.9988625893086562,-0.0039437079947368,-0.0210540172336743,10.385190957649924,-0.0203728435187809,-0.0399618076380281,-0.8997783307834668,4.248791554112911,-0.6526324247818581,0.6656272661139097,1156.1130751317646,1179.7899134749882,1149.8029605361055,1148.3808717517031,216.04163311906487,198.50151395652424,1219.0751348774158,154.6255948422304,157.8725951263726
49.63,-2.3185081380884816,1.321086611767015,-0.1621951940441765,-0.0186302156098543,0.0020998088019914,-0.0176181953826809,0.0045604740402821,0.0004104045323989,0.0474328889812241,0.998863446448954,-0.0033030721839439,-0.0243063589596143,10.38877316814166,-0.0203829082189915,-0.0398556254348609,-0.8984377838131664,4.2487423771334605,-0.6527169773934687,0.6633907240311235,1156.478658142954,1180.2070000316182,1152.6745069440994,1148.816751391878,73.3911735263143,105.52102636851544,1083.5085087161956,222.31117657563567,157.87216668659207
49.6325,-1.864629342714676,1.5876720830260043,0.0994859402726379,-0.0249493519258955,0.0075101036379009,-0.0180793941403215,0.0044888775970696,0.0004011916328456,0.0474114217538736,0.998864802594518,-0.0023211063834982,-0.0271184723053656,10.392589146512885,-0.0203676883654659,-0.0397399316436725,-0.89708778874018,4.248693326821088,-0.6528029400421426,0.6611540983273054,1156.4800309993964,1180.317518606831,1155.2205030796893,1149.492427634582,-75.81169242660128,-56.48429382131916,736.8802027910867,274.98754767595983,157.87158267369767
49.635,-1.410664318183936,1.7517326817234455,0.3353086537901164,-0.0288098199003934,0.0128990924589936,-0.0182442824705349,0.0044147542911741,0.0003996852625452,0.0473816709343741,0.998866549648278,-0.0011503667148511,-0.0294169910573166,10.396582052135468,-0.0203174503832868,-0.0396174758993362,-0.8957198428837698,4.24864420342352,-0.6528905268638197,0.658914209307059,1156.0995996808215,1179.924578562512,1156.3589079580515,1150.1916891302565,-231.56726965223217,-288.0402930956625,230.37954395124,305.0139454281893,157.87103824713603
49.6375,-0.9264964819058322,1.8387510725206169,0.5795803379799473,-0.0312794112915268,0.0180489858284905,-0.0176624357297934,0.0043457057854799,0.0004156053683064,0.0473459556134633,0.9988685410430352,-5.384099292024894e-05,-0.0310492814846218,10.400680282796833,-0.0202145237963443,-0.0394990870788586,-0.894324555832241,4.248594274362024,-0.6529794189857258,0.6566682500529248,1155.3221946511346,1178.877317141352,1156.372400799446,1151.0174973617238,-425.90455498285377,-623.0651293543809,-237.49845706876516,384.3380354878116,157.87043431730552
49.64,-0.3629043542285466,1.8586388886562608,0.8585644308887407,-0.0328955679155642,0.023609867037081,-0.0157484366383674,0.0042850689764147,0.0004549968487847,0.0473081444604951,0.9988705792892743,0.0007730632557952,-0.0319645544413967,10.4048008981322,-0.0200485965181845,-0.039388140375122,-0.8928932153442493,4.248544011761512,-0.653069648508942,0.6544165241697192,1153.970076905906,1176.8092529157384,1155.171415672707,1152.1133793076965,-553.2757840539973,-879.1217111134566,-609.0441462168283,411.346334283336,157.869640962185
49.6425,0.0572370765257248,1.8156269668049465,1.0572365487855575,-0.0331715566884807,0.0279402985832313,-0.0132676995378478,0.0042285546811129,0.0005230399421221,0.0472735684903391,0.9988724275706456,0.001143754660689,-0.0322797840012087,10.40885365553837,-0.0198114800816608,-0.039275073072543,-0.8914195422763243,4.24849501015816,-0.653160184349888,0.652162342163759,1152.5558157308672,1174.4817085857887,1153.3271800683647,1153.0742290331386,-603.8840224012441,-1012.6705999252684,-853.6037365213541,383.1282092096758,157.86892249589616
49.645,0.386899909176265,1.7250027018529728,1.1953695114864975,-0.0322143482817791,0.032136926616808,-0.0103087596864982,0.0041792613486521,0.0006181825297976,0.0472436855169552,0.998873998766586,0.0010194309848329,-0.0319715092150683,10.412741862994467,-0.0195083958674843,-0.039164040999739,-0.8898994285088248,4.24844808085489,-0.6532499531606525,0.6499092292154183,1150.9506567938984,1171.7458999161095,1150.903396990098,1154.0290203537459,-721.5067176764878,-1225.4560441121255,-1119.2130324023497,403.60133357282666,157.86814405919688
49.6475,0.6381130141261001,1.576972046222747,1.2663495790889527,-0.029757027552075,0.0367278741750809,-0.0068441789057995,0.0041361134701411,0.0007332827156557,0.0472172491940302,0.9988753550079856,0.0004767891138429,-0.0311134105799759,10.416370261136173,-0.019154754056922,-0.0390523324129487,-0.8883326087370441,4.248403124046564,-0.6533378400113999,0.6476610159670194,1148.9482821424829,1168.3544283652247,1147.73111490635,1155.0922357010038,-727.195492955959,-1206.270066309395,-1146.8891085582954,364.0695571649431,157.86713970999523
49.65,0.7063997075639862,1.4315001548184387,1.2297161485162829,-0.0269963760326043,0.0398436222727366,-0.0040259002820698,0.0040999313855887,0.0008548993313077,0.047198093204016,0.998876317408499,-0.0002679823528219,-0.0297498095378296,10.419649423294072,-0.0187781048637233,-0.0389406577732979,-0.886722304640274,4.24836026246459,-0.6534231906264255,0.6454214588584999,1147.3146793291219,1165.714549584568,1145.1689514473119,1155.8493681395687,-628.1776719774795,-962.3832099408525,-944.5721113442856,263.36280885020807,157.8662433413174
49.6525,0.619903051981386,1.2708207143740768,1.071845412229918,-0.024023483600739,0.0424444243688834,-0.0004605725927865,0.0040687738392996,0.0009684474124144,0.0471913091849449,0.9988766650536732,-0.0009698307837111,-0.0279858691793892,10.42250265790339,-0.0184079455724366,-0.0388251878642074,-0.8850753716145662,4.2483197678446,-0.653505803085286,0.6431931995341259,1145.8073937825939,1163.5425123155183,1143.0082543496262,1156.4090497452555,-573.612909812416,-765.4616102708763,-763.8463420880001,185.81077907110327,157.86528397182175
49.655,0.4144376791494428,1.0965502098730229,0.8005458337624425,-0.0211702075868996,0.0450513932033119,0.0041248414974489,0.0040396730592892,0.0010625124677668,0.0471960993919939,0.998876460775494,-0.0014429413500774,-0.0259456293186442,10.42487073044452,-0.0180673935781974,-0.0387009350914903,-0.8834014237784619,4.248281713318605,-0.653585655126619,0.6409764733661322,1144.4466147800583,1161.8872415332116,1141.34971973687,1156.7784220349247,-503.571470484852,-529.1496168551286,-525.9821031288775,104.07337600322904,157.86427129307182
49.6575,0.0993915498062525,0.8985947416736386,0.4008747857688573,-0.0190877451246648,0.0478193383747376,0.0086724817496074,0.0040127309622477,0.0011321463869175,0.0472099638320266,0.9988758328344212,-0.0016244856162102,-0.0236829073315946,10.42671476200298,-0.0177677334203625,-0.0385687161268876,-0.8817115122476706,4.248245285447338,-0.6536634025466683,0.6387701912978833,1143.289536430172,1160.896764231245,1140.3783438339842,1156.9294166252712,-456.7672553830044,-297.830314182404,-283.3175187862622,31.889543394692797,157.86319355842917
49.66,-0.3319933769333328,0.626868902031971,-0.1623435549739124,-0.0186336098520193,0.0511066057150035,0.0112371470304351,0.0039889175391718,0.0011735158543712,0.0472337566376503,0.998874752170322,-0.001464608044991,-0.0212321707701951,10.4280186717898,-0.017517836078155,-0.0384302716104287,-0.8800170589678817,4.248209717722421,-0.6537401832833235,0.6365738819186079,1142.162778503142,1160.3980899622989,1139.933132142938,1156.9378697518985,-364.2189060705688,-91.4903215184027,-77.46677882674378,-5.789128295643189,157.86182519180997
49.6625,-0.6673361865955609,0.3764515945098497,-0.619014080862328,-0.020645315900395,0.0529529125293916,0.009906494053015,0.0039635749624231,0.0011859299252509,0.0472676438068683,0.9988732396102834,-0.0009758124567852,-0.0187411592566897,10.428791539845076,-0.0173196568497593,-0.0382769922634469,-0.8783294764761431,4.248174127935321,-0.6538178443640981,0.6343872225446737,1141.468441899818,1160.4393126236528,1139.9910099398503,1156.9004709837927,-217.43711650071185,81.51192198027411,52.75401547460456,3.94201222284568,157.8606232426836
49.665,-0.8976112236459484,0.1193892281220732,-0.9527116061314485,-0.0247043055107008,0.0528756386391998,0.0056152725129956,0.003924540647196,0.0011796435860142,0.0473077993947726,0.9988715095459432,-0.0003983304650749,-0.0165016809599703,10.42906778866108,-0.0171542558257953,-0.0380875207735064,-0.8766596729102591,4.248137348711048,-0.6538978957026148,0.6322089501272531,1141.0755929206396,1160.8056495721999,1140.1969022203107,1156.9575798130127,-89.51386502053505,214.41164996511307,50.155332609730785,75.45983864902841,157.85935941124853
49.6675,-0.9915154735290193,-0.1760083629895505,-1.1132873402525232,-0.030483160239996,0.0512236529333335,-0.0014836740612174,0.0038708816500569,0.0011638130496664,0.0473490357347053,0.9988697951647584,6.932090922961985e-05,-0.0145708669199353,10.428899874301832,-0.0170049691990182,-0.0378597770638519,-0.8750154856395314,4.248098928278905,-0.653980792073181,0.6300363737464219,1141.0208725747152,1161.5113708734789,1140.241786602899,1157.2777701770383,58.68623130351533,300.74172057173274,-62.72494435426298,171.84821823607612,157.8577749744393
49.67,-0.9062997418352225,-0.4100058616166641,-1.0166806812248235,-0.0352617505995412,0.0498486990735198,-0.0079224817650398,0.0038088539406351,0.0011413452297943,0.0473867955489872,0.9988682815760248,0.0003738411942342,-0.0128600082462418,10.428355457475416,-0.0168664835155503,-0.0376036221683472,-0.8734014256725579,4.248059380252385,-0.6540660002474846,0.6278673975052417,1141.3690240771573,1162.3093581750593,1139.8832774985392,1157.8168209041935,226.72287632419892,375.27057977147274,-256.7209626802712,273.90064508087914,157.85640162020746
49.6725,-0.679874821763856,-0.6467286904482936,-0.7055696541040907,-0.0390492455485689,0.0494374858132535,-0.0133057340692633,0.0037507802812344,0.0011121711966403,0.0474165863651738,0.9988671309660312,0.0005376881143028,-0.0111539535356734,10.427513584424227,-0.0167392044251786,-0.0373394954339866,-0.8718187993579327,4.248019294461045,-0.6541526436553998,0.6256998153323035,1142.1544869563352,1163.3877237723343,1138.958181789499,1158.6472734024414,439.1156607276144,563.4604483297453,-536.8106219788369,418.5548639527629,157.8549784809
49.675,-0.3241331804299298,-0.9499448912404366,-0.1885017983026558,-0.0411171687793701,0.0488925211825483,-0.016141953273341,0.003703407880203,0.0010821807334747,0.047435923870582,0.9988664247580424,0.0004618426413448,-0.0093440292737524,10.426463553343131,-0.016613082973082,-0.0370790864965746,-0.8702671086158513,4.247977882801356,-0.6542400080345547,0.6235322537698753,1143.5646023807965,1165.1266604167095,1137.1992243886436,1159.9095952239584,576.1734825658331,725.729554172032,-727.6151909466449,488.6948395041373,157.85321999289295
49.6775,-0.0324928247291204,-1.213777051529097,0.2535550313455895,-0.0403657244850001,0.0467813183093577,-0.0144524909064586,0.0036686027911433,0.0010550486949166,0.0474453835965635,0.9988661231313722,9.721400358952276e-05,-0.0074205170476966,10.42529980737964,-0.0164822616815306,-0.0368261332728532,-0.8687442279807037,4.247934809730165,-0.6543269890218146,0.6213639124925932,1145.0353543691658,1167.0163715431963,1135.3201058347638,1161.0907475999632,612.0077600889199,848.0918218843709,-784.6049954014547,473.7934530776545,157.8517169326992
49.68,0.1709009262070932,-1.4674953897321517,0.5811026385329467,-0.0377381429186224,0.0426007553272979,-0.009580162700121,0.0036430035748043,0.0010351453729559,0.0474455062984308,0.998866208993177,-0.0006165938304258,-0.0054753938711402,10.424117889555022,-0.0163400277977018,-0.0365763223604936,-0.8672471291153371,4.247891640799958,-0.6544126085195118,0.6191966686692784,1146.6246411812383,1169.3671195261275,1133.27619941164,1162.2785624893445,620.4039775125248,1000.8971054224156,-796.7001743138569,460.14741268499273,157.85017925559993
49.6825,0.2608664037565517,-1.6989571672650483,0.752401259805592,-0.034759376760717,0.0377794475764393,-0.0040376371815711,0.0036114355484729,0.0010278286350157,0.0474365593960245,0.9988667177045498,-0.0017636821056433,-0.0038378634682006,10.423012435601771,-0.0161779360615335,-0.0363059480973257,-0.8657729075907127,4.247849604977894,-0.6544968362048526,0.6170317669627052,1148.13737425673,1172.0208570703112,1131.3366049631925,1163.3914846633895,545.7615897178066,1096.2121804976355,-694.594785318904,417.84412139715187,157.8486154045113
49.685,0.2021933655946374,-1.9016712127289068,0.7197651462514802,-0.0325066895543802,0.0331545918483907,0.0005587442368551,0.0035629924368817,0.0010350948187084,0.0474178092142694,0.998867722645391,-0.003345455214261,-0.0027426407314995,10.422069370897603,-0.0159945923546297,-0.035999395138908,-0.864317786798619,4.247809526676662,-0.6545794021395661,0.6148688674624448,1149.3534491298287,1174.8481804286184,1129.8032254850436,1164.367783096331,427.4554897825305,1218.9172548750491,-525.8122782887547,401.92949794614094,157.84702208731775
49.6875,-0.0158387210386417,-2.121840066426969,0.4893983193568787,-0.0311555456322355,0.0279879344948292,0.0037299443070168,0.0034969855755081,0.0010544997175147,0.0473908982443235,0.998869153590954,-0.0052519048974058,-0.002206799041862,10.421361463492936,-0.0157979840452938,-0.0356589885480487,-0.8628769201546324,4.247772033141257,-0.6546598392326926,0.6127081581252991,1150.2746517056407,1178.115443344681,1128.707543571751,1165.4011321531184,234.00305313428723,1126.83038799171,-256.5819634912319,367.1351401286457,157.84507752679127
49.69,-0.2847935745470006,-2.292259510257552,0.1988275304030291,-0.031195116468267,0.0237351578415305,0.0041054926801783,0.003421294643116,0.0010778862496514,0.0473608770519748,0.9988707565676276,-0.0072372806168203,-0.0020652225285738,10.420946745501874,-0.0156072056064007,-0.0353016981175765,-0.8614447501936223,4.247738013001132,-0.6547375020321777,0.6105500787339168,1150.523464395499,1180.4823323685719,1128.5203156675886,1166.2034587969729,-7.492072203372832,821.6799393640374,76.34822581449683,323.09896018284076,157.8434301192106
49.6925,-0.5921472600662042,-2.444177923282598,-0.1160870132569307,-0.0323075847714192,0.0189268525011994,0.0028715061765067,0.003344675400106,0.0011016835732729,0.047333503915647,0.9988722412149303,-0.0091439254083985,-0.0021206099175793,10.42086977817314,-0.015433425689463,-0.0349464915579631,-0.8600160703549022,4.247707347890867,-0.6548120524088826,0.6083951232028003,1150.2371913446239,1182.2238430415032,1129.0892847008236,1167.0166269540334,-230.05208778788128,584.2407184593152,400.4524291932964,366.2763378913896,157.84175396870728
49.695,-0.9423038029349066,-2.5802730945941095,-0.4503530521115296,-0.034664265775168,0.0118655275865649,0.0005727078799997,0.0032682360774505,0.0011258914706907,0.0473095823932352,0.9988735791148808,-0.010892540039578,-0.0023223816643175,10.421163205982303,-0.0152801373923819,-0.0345994868390238,-0.8585867148335534,4.247679750623711,-0.6548836497327138,0.6062432762618739,1149.373203956559,1183.40353596087,1130.522577813556,1168.0348404864308,-379.326619383782,270.89160687857736,623.2345912766261,373.7805264679753,157.83970724518247
49.6975,-1.173766567524244,-2.6303972119998287,-0.6580875570680267,-0.0375097499386609,0.0050059271590278,-0.0015574310179021,0.0031884682848639,0.0011463692418908,0.0472907016372722,0.998874717248829,-0.0123199250391786,-0.0027130161243854,10.421846479183975,-0.0151565582741903,-0.0342581009514635,-0.8571531860087717,4.247654511844895,-0.6549528012412165,0.6040947136914265,1148.3405582477067,1183.5783010758948,1132.205457657204,1168.8855295863716,-440.2958929492818,-90.67141230293507,740.9012566822487,321.72912341531537,157.83797014648007
49.7,-1.293325382153148,-2.5899151227948365,-0.768626227455303,-0.0413524332534623,-0.0022110016402957,-0.0038031448155719,0.0031049550214736,0.0011599197351978,0.0472787696145521,0.998875551696324,-0.013280233944493,-0.0032645377268717,10.422924141267524,-0.0150690750840808,-0.0339244228247741,-0.855712310188309,4.247629818184436,-0.6550196814232444,0.6019492312841013,1147.1717244918116,1182.950178899355,1134.2270840969693,1169.643486103508,-495.447526734298,-433.5907065872162,937.000893952402,284.076954798493,157.83619769621257
49.7025,-1.263449697896794,-2.424992304700718,-0.7759950041758724,-0.046816623991774,-0.0105270111919871,-0.006883013474294,0.0030213754284646,0.0011679398024476,0.0472704290869798,0.9988762106226122,-0.0137244251997176,-0.0038561665005533,10.424386232719115,-0.015014531327123,-0.0336070810686151,-0.8542613405367468,4.247604821691279,-0.6550844318338124,0.599806943938121,1145.863320614034,1181.4103475429577,1136.8904621269685,1170.3059143603648,-427.33262584881896,-664.2657694933534,1001.1876993920408,183.6137315344182,157.8340266080542
49.705,-1.078664525771818,-2.1958093252071724,-0.6770252794940541,-0.051532242249068,-0.0165970588430979,-0.0096688339657454,0.0029387524491942,0.0011745230529274,0.0472652114245062,0.9988766980382932,-0.0136691896166657,-0.0044200801023573,10.426210987703026,-0.0149834495179517,-0.0333090063594741,-0.8527984223642749,4.247579002382547,-0.6551481099743957,0.5976699783265,1145.0350613625694,1179.6288500518913,1139.2330225939247,1170.5615547611794,-240.5597077683657,-769.4951521171943,950.2929552833989,27.34699016558317,157.83217806680366
49.7075,-0.7376810925037758,-1.889988797538994,-0.4826334656342115,-0.0554688143870929,-0.0214854614763886,-0.0122491945024099,0.0028603647994015,0.0011817999499172,0.0472683390290139,0.9988767512409972,-0.0130978039220189,-0.0048469069110714,10.428364526021548,-0.0149686444575518,-0.0330351663431519,-0.8513220289585423,4.2475510290065435,-0.6552109649021187,0.5955388525554269,1144.6605220751915,1177.5628717823697,1141.641926903388,1170.4426493111928,-58.47437934618675,-835.4257458338726,964.7569144704515,-111.75096051687171,157.83028560198383
49.71,-0.2975771976526713,-1.5384994957492815,-0.2332272420917184,-0.0578839355556731,-0.0256673364484096,-0.0142393824544816,0.0027912862040228,0.0011891518337901,0.0472818689084083,0.9988762617408734,-0.0119489763742495,-0.0049986506460309,10.43080220266358,-0.0149661776780318,-0.0327918513231604,-0.8498307004759882,4.2475194855829566,-0.655273772614991,0.593414000071456,1144.7426894658383,1175.4517213227195,1144.0568071662797,1170.0027999585948,144.32268120257896,-811.0866978401746,949.507279223962,-244.70723219382737,157.82835428091744
49.7125,0.2034799081395038,-1.1546134551942242,0.0359259339793236,-0.0578675138319968,-0.0291892924819054,-0.0150541969918224,0.0027349110656307,0.0011872980822125,0.0473039682561924,0.9988753244814218,-0.0099995453223414,-0.0047897192245921,10.433470628853044,-0.014985432055052,-0.0325802692734474,-0.8483227838714412,4.247485432971445,-0.6553382152912967,0.591293431003749,1145.3821354812037,1173.5074382931723,1146.3894632995034,1169.2191131502248,388.6648031192011,-769.7646363472968,975.8041786056776,-397.66394034620714,157.8263730553901
49.715,0.7910996904836931,-0.6898387371276334,0.3057498800716051,-0.0553431297467389,-0.0317427279529572,-0.0140189851075397,0.0026937493532014,0.0011687575057577,0.0473317953666632,0.9988740922406472,-0.0070827079693648,-0.0041626559981342,10.43630892395642,-0.0150319756657319,-0.0323987987054015,-0.8467964357958557,4.247449756748778,-0.6554054102711265,0.5891758387861707,1146.686013481435,1171.602898140981,1148.9358280593103,1168.0144802568627,538.845061665549,-603.757373820063,865.1909532744532,-456.82253709236926,157.82393382679655
49.7175,1.2151036622417175,-0.3254575347126517,0.4297019542416791,-0.0514320324417267,-0.0321381048524991,-0.011206707649635,0.0026695386098801,0.0011310000768271,0.0473593288256576,0.9988728750552722,-0.0031550801878722,-0.0030842746140428,10.439250202187676,-0.0151025028706434,-0.0322438528190495,-0.845249702135828,4.247412483115474,-0.6554762103701393,0.5870605441889994,1148.0763607895328,1170.4886514240707,1150.7154180658779,1166.9350004647615,578.1834391877766,-336.46182929886567,610.1789855527933,-408.34363250938475,157.82184662347137
49.72,1.5270874322033732,-0.0086174946089549,0.4016015042116031,-0.0462437190530508,-0.0313914143899265,-0.006830860990373,0.0026646706279924,0.0010757618954982,0.0473786324101255,0.9988720601222076,0.0017190070421704,-0.0015174464001954,10.442222919475356,-0.0151865614008471,-0.0321127023334386,-0.8436805871513272,4.247373394843365,-0.6555511996658278,0.5849466413568872,1149.5769306773716,1169.9205889944883,1151.9867229870715,1165.9727620943177,641.9768010392899,-132.19674268295933,412.8665579303904,-356.5450709937972,157.81969911130582
49.7225,1.7573771861882475,0.3094986393682773,0.1933088980292544,-0.0398495542149908,-0.0299919628868362,-0.0017769715267424,0.002678225763029,0.0010058012243139,0.0473836103706005,0.9988719222926328,0.0074327100078391,0.0004928368347058,10.445153901679088,-0.0152723126644386,-0.0319970282612104,-0.8420875401063536,4.247331892858953,-0.6556308824346245,0.5828339180449564,1151.2862447947307,1169.8276677106555,1152.779750855531,1165.1522751097918,589.1134649161983,46.46514840958286,155.35340175584915,-227.85381361656783,157.81704795023643
49.725,1.8416739470537449,0.5310269190349051,-0.0764156669836801,-0.0352290569760485,-0.0288510705713566,6.382090537152659e-05,0.0027070778079265,0.0009290842831564,0.0473731824412782,0.9988724992801068,0.0137527171043117,0.002847297443936,10.44797072923082,-0.0153401879136244,-0.0318857425741616,-0.8404698994285461,4.247288251798356,-0.655714345004408,0.580722265849532,1152.522498001954,1170.1529147365363,1152.7634899958512,1164.8334930262342,444.7541576923365,186.51835409058236,-149.45280164283707,-52.425454609922255,157.81477357443765
49.7275,1.843584617306736,0.72502813887852,-0.3441463370126435,-0.0314733987605131,-0.0279492591799315,-0.0020410097363223,0.0027409260214769,0.0008625812301394,0.0473494577884627,0.9988736860366412,0.0202370206731205,0.0052943695813548,10.450606443258,-0.0153565229015176,-0.0317576940586627,-0.838828737357764,4.247242884389153,-0.6557994095140292,0.5786136544569954,1153.5100155831904,1170.7602594811076,1152.0324868473172,1164.8901478367425,385.3457445364559,303.7011094497113,-468.77258641287546,82.220208597804,157.8124276720126
49.73,1.7814359879615105,0.9416843221062702,-0.5444420025514995,-0.0274059370279368,-0.0266173392282729,-0.0075708592463247,0.0027722217274986,0.0008174629906012,0.0473147803162029,0.9988753692371402,0.0265561240271736,0.0076257396072093,10.452998515780738,-0.0152994465758672,-0.0315977421785269,-0.8371660810843298,4.247196797828505,-0.6558846449663517,0.5765093779280188,1154.4492267246371,1171.671420283786,1150.4196270637858,1165.2445940692235,319.9262078282755,350.5267128093263,-686.9382592905491,142.58281546719428,157.8095252170894
49.7325,1.6872541862626595,1.109608570502196,-0.5601682613278552,-0.0241735874557014,-0.024831721065453,-0.0123709480832781,0.0027950068174363,0.0007985423397981,0.0472711754087337,0.9988774575044104,0.0325071338455635,0.0096552431596019,10.45509120939544,-0.0151598257550741,-0.0313949579670192,-0.8354850178441041,4.247151627843577,-0.65596893221303,0.5744114677029514,1155.1096466223328,1172.5128930451551,1148.5977955508629,1165.6030619140788,263.4280564858849,347.53334164024415,-783.3272086904647,110.73493994300472,157.80703024808008
49.735,1.5469600198091302,1.2526283248307315,-0.4179368838584057,-0.0208914087410178,-0.022119902953335,-0.0156115661293019,0.0028079497178912,0.0007997877659758,0.0472220544028937,0.9988797916292088,0.0381147330382068,0.0112816601903324,10.456835884883292,-0.0149489943112721,-0.0311472871469906,-0.8337891841215203,4.247109053577445,-0.6560515408170393,0.5723213561242215,1155.7663670070656,1173.4090869919855,1146.502991020337,1165.798268768938,278.37977699872994,369.98618373949455,-845.2576177268606,22.56377813058617,157.80445207041987
49.7375,1.357233163536038,1.3609884297710628,-0.1797998734240707,-0.0172817286443384,-0.01863776011026,-0.0171198422575066,0.0028124412523783,0.0008118669280456,0.0471719682302848,0.9988821584198392,0.0434754000673701,0.0124605840576621,10.45819378285287,-0.0146856392242943,-0.030858839075608,-0.8320826995405004,4.247069834536726,-0.6561315653019546,0.5702383980799214,1156.5015455073271,1174.3628239638535,1144.3715074622264,1165.7158808047316,323.86316948256336,403.254373109142,-816.0568337345386,-119.0095184187458,157.8018021833992
49.74,1.091225944909132,1.4126034517892276,0.1099573697458937,-0.013285930958628,-0.0144343781380654,-0.0165845574149739,0.0028119394305843,0.0008236589932987,0.0471232905029139,0.9988844482497062,0.0487275836573567,0.0131967339311591,10.459137679896628,-0.0143925874450363,-0.0305387871041513,-0.8303697988319508,4.247034352824016,-0.656207838238072,0.5681616042496652,1157.3856828544792,1175.4253588575323,1142.4227068516623,1165.203221176844,421.95015546296594,502.7246476048756,-763.7809490602774,-324.9075517833034,157.79906326621798
49.7425,0.6754504119122934,1.4025691674476066,0.4349503975438811,-0.0088474567048197,-0.0093468991414055,-0.0141297809156906,0.0028101683762741,0.0008271151517451,0.0470784883891052,0.9988865466860216,0.0539515708788257,0.0135143381057156,10.459654017864212,-0.0140882108304088,-0.0301983334538461,-0.828654713155096,4.2470033201082895,-0.6562795199318048,0.5660905534458462,1158.61129628464,1176.8764472018756,1140.5526027169285,1164.0913430458168,464.29415007109026,564.1952108940428,-578.8690354032718,-472.930220990278,157.79567131454792
49.745,0.2613173195340228,1.3420814637379683,0.6408278277096189,-0.0062767594455381,-0.0056874284907412,-0.0111900474757085,0.0028084803719425,0.0008236153010685,0.0470405451997255,0.9988883140053532,0.0590361997310046,0.0134110184835163,10.459745308124168,-0.0137752118907717,-0.0298463670502397,-0.8269417065619633,4.246976301472696,-0.6563462470155785,0.5640258331409375,1159.7071536048359,1178.246334912004,1139.5283616746444,1162.8385700718911,427.8744586176884,574.2515700429767,-278.48267075109413,-532.4450420883753,157.79275599883263
49.7475,-0.1827659139675896,1.2474418312880526,0.750291843115175,-0.0056399523127136,-0.0027449165106386,-0.0080725984212392,0.0028079190682147,0.0008192551863842,0.0470110585195626,0.998889675657428,0.0637803704941627,0.0128986527149757,10.459428973235118,-0.0134480459702792,-0.0294920417849624,-0.8252345311868488,4.246950717433723,-0.6564083773462038,0.5619670878678809,1160.7506685777296,1179.747705052092,1139.1601893631723,1161.4291178353735,409.8182974466088,666.7858835832401,-6.713900981964538,-603.6657260463048,157.7897483168395
49.75,-0.6827277923552161,1.120161407152154,0.7693953002615941,-0.0073408706474107,9.400299560510819e-05,-0.0049045938442332,0.0028028874652529,0.000819412510226,0.0469898958726591,0.9988906579148706,0.0680012349405957,0.0118670517048891,10.458737883430805,-0.0131010953031538,-0.0291333923309792,-0.8235363916324892,4.246924376934504,-0.656467319192576,0.5599132585035501,1161.756245092067,1181.580264329917,1139.4947921697346,1159.8202414416623,301.6567816572676,650.5295620568181,241.7895152770068,-536.0927310229146,157.78603305855995
49.7525,-1.0211840120176399,1.0173178595305639,0.7070479113711126,-0.0104120905187194,0.0020779326424586,-0.0028934063072505,0.0027851592399354,0.0008233705277946,0.0469732099758904,0.9988914701585346,0.0716504905893135,0.0101633572502011,10.457716945043348,-0.012737694556964,-0.0287632186171135,-0.8218494043097057,4.24689706169278,-0.6565248634996329,0.5578622589720246,1162.2589524860143,1183.0003528623731,1140.3691369395563,1158.7486541802612,108.51081408753905,510.11343753217534,448.5015554733743,-327.9932213893658,157.7828499274715
49.755,-1.2302636564635059,0.9266267015573036,0.5903524056456614,-0.0144464346282713,0.0039065584798528,-0.0014291661964473,0.002749273612521,0.0008367531494833,0.0469574911193897,0.998892287716114,0.0745609671867998,0.0077156888488802,10.456422353205063,-0.0123504953150435,-0.0283785740821716,-0.8201746283209653,4.246869209265394,-0.6565819134420091,0.5558131624919527,1162.298799162505,1184.1308315175793,1141.7372999471027,1158.180275334715,-101.39566202100738,394.29988582876666,677.1740900290926,-91.60137314006394,157.7795788049784
49.7575,-1.3007114409699787,0.8310201779719137,0.4204249408592276,-0.0195247603382268,0.0060410679008828,-0.0003079531055042,0.0026955905361845,0.0008571523053671,0.0469408311661053,0.9988931980821556,0.0767500765621043,0.0045811727667283,10.454916679842398,-0.0119455967406129,-0.0279845260700609,-0.8185118485887947,4.246841885700338,-0.6566387952505612,0.553765044935387,1161.7519741759093,1184.971852291518,1143.7550073897035,1158.2906473145608,-297.5972286896173,205.43369293209747,771.6824275357536,191.81924818239327,157.7755552707693
49.76,-1.20410667244166,0.7561987938046709,0.2754168090106909,-0.0234666805064478,0.0078648960167868,0.0001723236006161,0.0026287349766059,0.0008810491396119,0.0469201221870245,0.998894336803802,0.0782726455026862,0.0009188323296316,10.453269496363108,-0.0115309774884943,-0.0275921949867636,-0.8168602694834155,4.2468156655129565,-0.6566954974463057,0.5517185449003414,1160.8108130190583,1185.1579999822388,1145.595712084778,1159.139371575626,-463.09858438870793,-36.973299014406805,734.1069517174102,499.3862209969567,157.7721232479622
49.7625,-0.9580068010968068,0.6757867908792365,0.1470965092492488,-0.0266341609724684,0.0096114693564625,0.0003281809146023,0.0025614822526552,0.0009030286352729,0.0468961089545735,0.9988956346472851,0.0792418032689871,-0.0029337844194602,10.45155526828951,-0.0111183320114186,-0.0272249195638519,-0.815218724735222,4.24679073085022,-0.6567513668139334,0.5496751580652988,1159.4364812539643,1184.7869857964458,1147.4255421482924,1160.787578419547,-677.511060718024,-276.01534048089405,766.4493491295332,883.0142649303101,157.76861251288784
49.765,-0.5194862886613519,0.5602354147864037,0.0284818895886928,-0.0290525342673928,0.0115309018969827,0.0002925185084002,0.0025005302634517,0.0009246270682695,0.0468723625679891,0.9988968987143468,0.0796294249794961,-0.006751765938262,10.44985854797096,-0.0107074678724691,-0.0268957589391909,-0.8135869218810292,4.246766473386658,-0.656806152911315,0.5476366706637684,1157.4232577154664,1183.7779232798337,1149.4279588304275,1163.5544429002798,-775.3324619876142,-440.96200913572005,679.5058302358752,1107.1484523205593,157.76431267410155
49.7675,-0.0620620622830982,0.4401177896643062,-0.0331329798039045,-0.0297857183680279,0.0130319779955888,0.0001539198493789,0.0024510050987907,0.0009465726593398,0.0468555096247018,0.9988978024796988,0.0794320675810877,-0.0103395127745293,10.448270084376832,-0.0102993479155908,-0.0266142794199688,-0.811965037966567,4.246742479709313,-0.6568596667511553,0.5456032340083862,1155.55981894403,1182.5821757507692,1150.8230712994687,1166.3233206811447,-755.2064411362383,-518.5421143316565,479.73215313125377,1140.8094012036674,157.76066006268186
49.77,0.4566741817244173,0.2894149687143696,-0.0499068734357976,-0.029196742000167,0.0145741403308833,-4.4449964291799514e-05,0.0024143999123457,0.0009697044261604,0.0468538682713083,0.998897952936054,0.078648877498638,-0.013575813280922,10.446886485968884,-0.0098944104861693,-0.0263832589937289,-0.8103537148828421,4.246718786739292,-0.6569110819852553,0.543575560041554,1153.6472255097833,1181.185212708174,1151.826619596085,1169.258489906301,-752.0543877179779,-568.0876693085615,325.10807137070253,1149.3618702763374,157.7569391809926
49.7725,1.0013653929206088,0.1148928730856926,-0.0263055291124954,-0.0275655861771279,0.0157776633260147,-0.0002683935142822,0.0023881084200276,0.0009994886289477,0.0468722697841419,0.9988971271130148,0.0771853550106933,-0.0164212982740983,10.445809997600117,-0.0094850669036973,-0.0261982692017859,-0.8087539303044591,4.246695170329295,-0.6569605880650718,0.5415542427720169,1151.799547005438,1179.7417374042248,1152.448611656323,1172.0701300325293,-697.8143903103936,-565.5711685504825,150.29109100205483,1036.8471726932846,157.75316462052606
49.775,1.547462362485245,-0.076163736935832,0.0481812808007518,-0.0248201058792475,0.0160410034536678,-0.0004882801234683,0.0023682004497412,0.00103485135384,0.0469086732206045,0.9988954355100308,0.0750881456806863,-0.0188741523614071,10.44514404954398,-0.0090739254780034,-0.0260511970446792,-0.8071663629189892,4.246672101865776,-0.6570090184397456,0.539537730171693,1150.1581535582343,1178.3573568654242,1152.5780750510946,1174.4427257697628,-641.3345713991378,-576.7954004136532,-54.41967808712378,888.6759750753299,157.7493290345921
49.7775,2.161681122423939,-0.3002785133315257,0.1954819482059236,-0.0202420568120668,0.0152041742962624,-0.0006579959527025,0.0023522675917687,0.0010696846073156,0.0469567909398099,0.9988931904871298,0.0725165272346598,-0.0209134458309325,10.444991441368993,-0.0086716748022432,-0.0259347253267172,-0.8055910695198355,4.24665024077051,-0.657057564936886,0.5375248602303538,1148.5928741484408,1176.8577604021552,1152.1765132658873,1176.5135099079082,-483.31178325504715,-518.0898406684342,-230.5245925446528,612.3183410262806,157.74466078147233
49.78,2.6013210169925247,-0.4651485104564895,0.3611546336945254,-0.0150137268148033,0.0139415517541339,-0.0006005337157282,0.0023467965973356,0.0010894273503276,0.0470094254152281,0.9988907266956364,0.0698212349525314,-0.0223527707471576,10.445450431329856,-0.0083032039937806,-0.0258537951320046,-0.8040270042319201,4.246630532003464,-0.6571067675583269,0.535516469312236,1147.741594641958,1175.7669076620807,1151.4254520883708,1177.5043174748955,-222.25234072481928,-407.6076482504574,-368.06810550480634,249.6936732418814,157.74071976261936
49.7825,2.912328247167203,-0.5914968192765973,0.5566365934111421,-0.0078705054061714,0.012582394181997,-0.0001098144264597,0.0023552561290895,0.0010891004857417,0.0470604095983995,0.99888832479332,0.067156402679237,-0.0230743568768156,10.446619469546569,-0.0079776312194825,-0.0258078069369567,-0.8024728883338031,4.246613025187752,-0.6571572348996257,0.5335122907419729,1147.4816124448175,1174.8197221609048,1150.336172738365,1177.7619782741165,42.05450918787059,-397.46773794588665,-529.9755223535175,-22.224255552134764,157.7367307774432
49.785,3.076204072713081,-0.6850403538997617,0.7959769470203975,0.0025994798993726,0.0105213672890109,0.0013285435430067,0.0023781189263052,0.0010723911400353,0.0471062275911225,0.9988861399434747,0.0644984383642762,-0.0230318565914961,10.448594715495531,-0.0076898296414421,-0.0257908212764683,-0.8009271143246579,4.246596754940251,-0.6572100149470659,0.5315109664140347,1147.9518671878975,1173.7795689723503,1148.7755744766018,1177.393196197135,308.19713299072333,-376.1435609652276,-593.4859009643025,-213.37683464255855,157.73189437238415
49.7875,3.0088594481418975,-0.7066040017230479,0.9704584010294744,0.0119180022973974,0.008408774309449,0.0034830674698737,0.0024147106543049,0.0010455424480238,0.0471464121825667,0.9988841879698436,0.0617747470826721,-0.022219025098245,10.451466205956695,-0.0074303821251601,-0.0257944264146772,-0.7993876000342819,4.246580460855517,-0.6572661926710228,0.5295122415429909,1149.022598109772,1172.9390043560777,1147.3687432335419,1176.6950941009031,560.6969250036952,-335.51027462534466,-561.5371621269892,-317.49755349043653,157.72782714731113
49.79,2.724941327264968,-0.6653685907979107,1.0817212184278184,0.0205560040210831,0.0064144587508159,0.0067405428586543,0.0024616810462007,0.0010158786857426,0.0471803301536196,0.9988825007896752,0.0588917257881657,-0.0207027188410574,10.455315846127432,-0.0071877807803635,-0.0258057334194607,-0.7978519980589484,4.2465626516233455,-0.6573265066860206,0.5275167498367495,1150.7553518129134,1172.102017599225,1145.9678886659694,1175.8057084296843,884.3065987016896,-352.6113878016091,-592.2007529780029,-395.3467087015521,157.72372722887903
49.7925,2.168733517090442,-0.546800108374422,1.1081181855306563,0.0291973765022986,0.0042366503923549,0.0114364601049661,0.002509975557899,0.0009855912387503,0.0472028376455013,0.9988813423164812,0.055860084170196,-0.0186909282318343,10.460215140963498,-0.0069581724178936,-0.0258027812991726,-0.7963179208259903,4.246543533693513,-0.6573912467786329,0.5255247400571059,1153.4441311032829,1171.1759474170688,1144.4077394686503,1174.7183605573944,1052.2221745186544,-299.48959221699766,-538.7244623459965,-382.8963515738311,157.71877638177247
49.795,1.5732660949774833,-0.3979380448094702,1.0307691344077243,0.0343196795314445,0.0025372103536554,0.0151699741739388,0.0025503508072283,0.0009578451541815,0.0472104124113944,0.9988809019909068,0.0526732689671126,-0.0164114320963733,10.466223097273415,-0.0067366513189293,-0.0257643915785295,-0.7947828092436056,4.2465248236415585,-0.6574596696314995,0.5235365150143794,1156.0164626855092,1170.6045696381393,1143.274266354238,1173.891226671814,1046.638547647305,-139.7963277553479,-407.94073704369833,-303.1542770820608,157.7146301242179
49.7975,0.9134387958560818,-0.2136353496674608,0.8589046720606391,0.0365282916129241,0.0013265536355339,0.0179574838312414,0.0025755769195155,0.0009342070997908,0.0472044872965114,0.998881133947092,0.0493633851360009,-0.0140663794602415,10.47338338964404,-0.0065218982740118,-0.0256740629902482,-0.7932438042281962,4.2465082045086175,-0.657530888571214,0.5215529189212867,1158.6773238415146,1170.4769657782927,1142.3680357834337,1173.2025891719854,1039.2803100179804,60.79105498894551,-321.1012816351007,-250.0216511053708,157.71046891900497
49.8,0.2546727952759865,-0.0188682676955465,0.6262391905144268,0.0364357624217199,0.0007377700935169,0.0198444652016756,0.0025823426687865,0.0009163492167383,0.047186226698491,0.9988819937310978,0.0459657523201754,-0.0117863071705478,10.481722269244912,-0.0063133155492113,-0.0255237092220135,-0.7916975976375425,4.246495234433444,-0.657602869964416,0.519574532347054,1161.212864235602,1170.908524913084,1141.6687599460615,1172.6411184162866,940.6728358240531,342.81240035139234,-231.24139127200567,-193.98584892796032,157.7063000610771
49.8025,-0.3539231614979571,0.1597218848232985,0.3463682395321752,0.0346343574347061,0.0009882133405477,0.020774187430394,0.0025803249579328,0.000900394355199,0.0471603772985939,0.9988832309485722,0.0426460963919733,-0.009442205573673,10.491243520382032,-0.0061204968524673,-0.025327779570647,-0.790139760013289,4.246486807941506,-0.6576726349438082,0.5176008384787474,1163.3806880206373,1172.1910277800505,1141.211828827073,1172.2326599273451,824.5929912649212,775.8732028880567,-152.7970032192141,-145.29214029343646,157.70212765472746
49.805,-0.994177101630384,0.3164220841895836,-0.0119449230909269,0.0315482249906372,0.0022351759193683,0.0209852374597803,0.0025802562011265,0.0008868346799694,0.0471358424161377,0.998884392900878,0.0394799859421998,-0.0068806680006801,10.501931190677409,-0.005946101848898,-0.0251049975275382,-0.7885653081335506,4.246482488208814,-0.6577376165545862,0.5156324453989047,1165.3358291919228,1174.7878909275207,1140.9047749299664,1171.91465771482,586.8402435270763,1110.3548595171335,-79.7964249789903,-89.62101375864185,157.69712395008997
49.8075,-1.4473282800110308,0.3742849501286139,-0.3089058463439739,0.0285018121619737,0.0039153360377547,0.0204760039976782,0.0025890983561744,0.0008762209998462,0.0471206168693911,0.9988850828282368,0.0365353745676117,-0.0040244298057499,10.513748730762469,-0.0057914916262012,-0.0248701108000246,-0.7869687206588187,4.246480807282824,-0.6577966384649444,0.5136702210306375,1166.314889238274,1177.7428020776388,1140.812846702178,1171.7845548585517,242.2195592335936,1290.1599558157834,-10.352608666693571,-29.35537606175193,157.6929621405687
49.81,-1.8200495439901632,0.3382230733527328,-0.5832200720727488,0.0250470653378387,0.0058019257719397,0.0192175911492512,0.002604535279809,0.0008705493179088,0.0471164297346053,0.998885223082679,0.0338345951247028,-0.0009830052714933,10.526639613563814,-0.0056534026195937,-0.0246248018432783,-0.7853439598340172,4.246479871117382,-0.6578499994371918,0.5117133068864869,1166.5469269880912,1181.2386907066032,1140.8530118866329,1171.7678808345113,-71.2232163781857,1566.6998675974053,44.18394631206337,7.277336258682478,157.68881488184687
49.8125,-2.1746383272630525,0.1848291806600724,-0.865495169537239,0.020207491582476,0.0076844140314215,0.01674376736391,0.0026198687138955,0.0008676966377711,0.0471183522625618,0.9988850665315115,0.031473498832361,0.002046197676031,10.540524833920996,-0.0055327765571133,-0.0243643255816769,-0.7836839286857727,4.246477905597072,-0.6578988092722136,0.5097594560962841,1165.9587731563836,1185.576301415619,1141.033766433738,1171.820941539845,-349.44074089280497,1535.123979216528,90.05681828770327,21.110100321012492,157.6838623198512
49.815,-2.3843512936780384,-0.0221917637788753,-1.0500111804553647,0.015339499457309,0.0087637707123266,0.0139227550826566,0.0026280911104917,0.0008581520450271,0.0471206366514968,0.998884912361532,0.0296937640282598,0.0048605642429477,10.555301548043696,-0.0054403797155502,-0.0240829531191121,-0.7819802461059326,4.2464735552534805,-0.6579445834471886,0.5078058955099268,1164.7997232836287,1188.9143106026788,1141.3032959780708,1171.8734313361163,-576.751396418536,1188.861735636948,139.5122049670786,11.701374906027391,157.67976067722452
49.8175,-2.4838544616434994,-0.2816456131295851,-1.1753747882288033,0.0096809262172578,0.0089453370013028,0.0107098677641751,0.0026287706994692,0.0008391626660059,0.0471170421250255,0.9988850610887672,0.0285901133508499,0.0074123709968171,10.570843380481476,-0.0053753946539043,-0.0237852483570523,-0.7802234178486201,4.246465838741361,-0.657987996340606,0.5058511065605374,1163.0750161742894,1191.5206100938067,1141.7313274585736,1171.8794484143752,-843.7905843721869,898.574376253186,234.94829198772808,-15.724707711470868,157.67569194678182
49.82,-2.443786552600482,-0.6043346941638476,-1.2613530956967716,0.002000582058319,0.0075504676093522,0.0069072192971837,0.0026217083327273,0.0008183268636905,0.0471063426984022,0.998885568805484,0.028026715090742,0.009678565508097,10.587004229671695,-0.0053201401289622,-0.0234759325947186,-0.7784039066112884,4.246454969033224,-0.6580297493032414,0.5038935923259203,1160.5807703617659,1193.407182483947,1142.4780374380102,1171.7948077975589,-942.1660296885805,452.13027619265824,316.87410580627045,-48.35974765969546,157.67085508634642
49.8225,-2.2563538712171622,-0.8436051782701001,-1.2877300138135954,-0.0050929591268287,0.0052161362458443,0.0040887620447437,0.002604874372293,0.0008063996527781,0.0470918559069921,0.9988862816574072,0.0277847683039187,0.011609437703882,10.603621130486642,-0.0052517440095379,-0.0231559161290677,-0.7765131448451505,4.2464406019623535,-0.658070816454484,0.5019333667599984,1158.3641860258508,1193.781261474768,1143.3156979876037,1171.6376496760768,-856.4577465945315,-102.46039497018717,377.055039243658,-79.02612861894845,157.66686797225364
49.825,-1.9000861896718813,-1.0118211455239328,-1.277432092681439,-0.0118650715433506,0.0023258203852293,0.0018051837716565,0.0025824965867866,0.000811228861387,0.0470780405971445,0.9988869766561764,0.0276975245493451,0.0132930989441451,10.620515416690408,-0.0051525775226716,-0.0228343377616351,-0.7745441879510875,4.2464224159577455,-0.6581123915243074,0.4999730849147777,1156.298481628791,1192.8948805090959,1144.3633126342295,1171.399677154464,-757.7524281095283,-539.0555246909087,445.04666955581314,-103.20763175026693,157.66293288594017
49.8275,-1.4174850839921591,-1.0990322314806804,-1.2385418397894987,-0.0173594780169907,-0.0008359448143906,-0.0002726944222707,0.0025539472208901,0.0008391536997978,0.0470663548048848,0.9988875841128058,0.0276092868078222,0.0147207042985279,10.637501496269357,-0.0050076519163478,-0.0225114847405926,-0.7724931498625776,4.246401237785864,-0.6581549475549957,0.4980169533256365,1154.5754238853012,1191.085983851312,1145.540931335384,1171.1216115173252,-564.4782410719604,-889.2600420060163,485.41327361320816,-108.27148032781976,157.65904608711568
49.83,-0.8239972673672114,-1.0719280174125008,-1.154613111454718,-0.0207321191059725,-0.0043726702083739,-0.0026147355546081,0.0025214909355471,0.0008874155352264,0.0470567853008475,0.998888099141834,0.0275463948156673,0.0159409838287109,10.654389644709717,-0.0048174637952139,-0.0221904080085132,-0.7703592078522163,4.246379065650502,-0.6581984262629591,0.496069186291022,1153.4760904234336,1188.4485802990698,1146.790379002293,1170.8583197528253,-308.8264270418006,-1257.9677228383775,542.1600899848681,-88.45198851877308,157.65522386037873
49.8325,-0.0578615746002252,-0.9017110603982272,-0.9748755626071685,-0.0220953904619778,-0.0089295587274,-0.0063129806268938,0.002481182102182,0.0009454640518657,0.0470480105304318,0.9988885977820648,0.0276835011891155,0.016866181950625,10.670995230757311,-0.0045954895156685,-0.0218632160031956,-0.7681448900097863,4.246358519148414,-0.6582432740146205,0.4941316517884833,1153.0312917500914,1184.796145237117,1148.2517317853096,1170.6793515747313,-15.278167956004296,-1347.4843415561663,515.0144279697636,-21.70921208265808,157.65072020994575
49.835,0.5655298704550569,-0.6577849246464302,-0.7397526963558299,-0.0210424099454131,-0.0123974502148699,-0.0102301344484375,0.002437565822795,0.0009963472226544,0.0470377211957361,0.998889185602268,0.0283319886314928,0.0175846664445316,10.687140339540404,-0.0043669695601277,-0.0215340953447201,-0.7658548822808314,4.246341707864131,-0.6582897201640048,0.4922042091635531,1153.3996995836535,1181.7111585912855,1149.3654511421435,1170.749773692412,279.67603177974496,-1162.394787868982,415.87634040398893,97.48536307319907,157.6470425911095
49.8375,1.1055708042858234,-0.3479722091746803,-0.4127614162371701,-0.017947431736153,-0.0143223369758322,-0.0142943103278239,0.0023997600042172,0.0010268734862605,0.0470270862984255,0.998889792002725,0.0297229845394176,0.0182868134166267,10.702661583711253,-0.0041528086633334,-0.0212141781119546,-0.7634956199142195,4.2463289632679375,-0.6583367742508701,0.4902859161279352,1154.429671908989,1178.9841712977773,1150.3311134873277,1171.1667783900969,557.0972576274348,-1044.2931614465235,395.962783094071,279.477932122966,157.64345067888237
49.84,1.5952807564242983,0.0294586993422436,0.0419079509569878,-0.0122697360099647,-0.0140188825963037,-0.0170784501682163,0.0023742371873919,0.0010268569230548,0.0470188960972978,0.998890278122187,0.032017068305992,0.0191095740809149,10.717417150969451,-0.0039696945525048,-0.0209107184466067,-0.7610749922359977,4.246319374344477,-0.6583832132011093,0.4883759567452407,1156.1851858717923,1176.4896927840502,1151.3452650576148,1172.1471633530275,684.4019626293311,-750.058909379257,359.2393799988694,437.67786743538073,157.63924751485956
49.8425,1.8440116581457615,0.2964891151763074,0.4081581758430022,-0.0064660151607136,-0.0117420657716295,-0.0160220446653441,0.0023677639837708,0.0009948548959475,0.0470159250084331,0.9988904987412004,0.0351849623023522,0.0202043054342596,10.731290475939026,-0.0038211367370136,-0.020632179268726,-0.758601786432005,4.246311615231279,-0.6584285322263058,0.4864734775435796,1157.8516817221373,1175.233876750879,1152.1273103873227,1173.3551677272749,652.7268404995109,-313.332744545108,315.58040529709206,544.2811618564012,157.63583950682676
49.845,1.921463662645614,0.4733684178981756,0.6732605417946412,-0.0005696379721565,-0.0085702045855364,-0.0117607715938548,0.0023832113953624,0.0009383745530969,0.0470182316491874,0.9988904382371127,0.0389983762450962,0.0216470312314157,10.744194804023044,-0.0036966504855544,-0.0203819361170511,-0.7560855384832695,4.246304376738844,-0.6584729736646006,0.4845787535573343,1159.4488200742867,1174.923029061326,1152.9231670840988,1174.868569162307,634.1355850729026,74.96651704455674,363.8599500608464,694.8605663986283,157.63253550275167
49.8475,1.8421502905434943,0.5773728565001369,0.8088568494396626,0.0057343086561087,-0.0053996841215411,-0.0057504231864262,0.0024177556504363,0.0008703581085275,0.0470239869138228,0.9988901796981688,0.0431041147294454,0.0233954896370546,10.756075650618396,-0.0035770716152266,-0.020155366256997,-0.7535363192266054,4.246296853151377,-0.6585169085924748,0.4826926767481599,1161.0223596475034,1175.608709336102,1153.946610137628,1176.8294705592696,497.36133701846506,407.6249311377712,383.99709215817353,706.5838318814281,157.62869689882697
49.85,1.6662216207775866,0.5962097367774267,0.7652535534921613,0.009831310215112,-0.0038464830744563,-0.0019012848005872,0.0024596492197999,0.0008047238952783,0.0470292000589665,0.9988899248641734,0.0471172985270608,0.0252147207901451,10.766912447958775,-0.0034412046463872,-0.0199348248955645,-0.7509645275124193,4.2462893114986,-0.6585605098975791,0.4808153862350794,1161.9356267593805,1176.961153717016,1154.8431525448907,1178.401488321716,279.1873353012572,665.3483248818842,351.3825160392129,574.5346829242632,157.62560709897767
49.8525,1.4215988367186303,0.583992123564851,0.5972260966513397,0.0125311900910162,-0.0033258668369167,0.000202725649341,0.002499071050327,0.0007484860855419,0.0470311730103796,0.9988898151589066,0.0508041078895702,0.0269015917349609,10.776713592587008,-0.0032786304339728,-0.0197055414343459,-0.7483800478199525,4.246282313843124,-0.6586034510997905,0.4789467265719049,1162.4182963240085,1178.9354509605084,1155.7035227178224,1179.7021439738885,135.45148374666843,857.5242242618675,318.8724661500788,453.18484898252336,157.6226345374038
49.855,1.1476506158612916,0.571599014038153,0.3709458318014933,0.0144222732494982,-0.0031750222911296,0.00113581448241,0.0025311902774517,0.0007085385819108,0.0470292779751808,0.9988898839749826,0.0539407776639996,0.028358279549921,10.785514633209695,-0.0030797119607116,-0.019460642101435,-0.7457918167625645,4.246275653440124,-0.6586455330156789,0.4770865554384087,1162.6128841781142,1181.2487748383276,1156.437514875642,1180.6674125666295,38.34984561279128,960.5750372205052,237.1491422342993,296.6654313085047,157.61976182887847
49.8575,0.855536082559945,0.5741068643037271,0.1307551393817154,0.0160115190148526,-0.0027391582077311,0.001016334987671,0.0025544887109152,0.0006886165659035,0.0470256629184372,0.9988900295258883,0.0563786380214612,0.0295538855615356,10.793375700958132,-0.0028400198753157,-0.0191983186967199,-0.7432075556786043,4.2462697403429805,-0.6586871035720845,0.4752346139746366,1162.6100455520725,1183.7383261466134,1156.8892684289947,1181.1854711304316,-3.7477437912946225,1080.0204927188406,104.5561670161574,138.4771212574728,157.61701233808495
49.86,0.4874396259935633,0.593042435467913,-0.1107867392254048,0.0179166515457908,-0.0017192836462303,-3.2294811187395155e-05,0.0025676996283238,0.0006893114975534,0.0470222407921654,0.998890164235642,0.0580409555466793,0.0304597501781902,10.800378987232063,-0.0025598918491665,-0.018917263068321,-0.740633591944377,4.246265623640127,-0.6587288120128251,0.4733915816645368,1162.5941454591575,1186.6488773019169,1156.9602957107222,1181.3597981729165,18.83201830204544,1022.6494053129724,-65.56230689344659,13.202358030223488,157.61385882515253
49.8625,0.1630548052840218,0.6108123196302224,-0.2385686082118781,0.0192883145058005,-0.0005773680837209,-0.0015316208219164,0.0025729102303918,0.0007087725994335,0.0470188652114234,0.99889029131797,0.0589113567830062,0.0311180693803297,10.806623579470468,-0.0022433805076382,-0.0186213799050854,-0.738074430375795,4.246263202891556,-0.658769917729702,0.4715565349029314,1162.7042056435828,1188.851573173181,1156.5614568945273,1181.2514829205827,89.16903087019804,812.9619399829088,-255.46743571254075,-60.728353015170654,157.61135488841995
49.865,-0.1786241844596084,0.6103131747588144,-0.2655002542736562,0.0199726161235561,0.0009135291136317,-0.0035202946515035,0.0025719624873728,0.0007447930255395,0.0470152717259134,0.9988904214879792,0.0589864540735722,0.0315665805304838,10.812222415394684,-0.0018948078256217,-0.0183146195379666,-0.7355326258118534,4.246260902351179,-0.658809431779778,0.4697276898394133,1163.0399906135087,1190.7136870018335,1155.6829585321589,1181.0561564078405,204.4872298792184,733.664024092635,-475.066756961428,-69.19238241804959,157.60898247893837
49.8675,-0.5939079353344235,0.5624273762751452,-0.1789611175678371,0.0195552063130749,0.003244639900836,-0.0060262757824671,0.0025653625921407,0.0007906130103777,0.0470128074790909,0.9988904965432278,0.058366607298455,0.0318106726077651,10.817297152359844,-0.0015248601312773,-0.0179990463775031,-0.7330087297278028,4.246257074174546,-0.6588467104960842,0.4679027107750156,1163.726641792978,1192.5198932936407,1154.1861231097223,1180.9055210084928,292.11991632777034,592.929479572846,-590.0118514933803,-24.335643127993816,157.60629085486624
49.87,-0.924372897180062,0.4680718805076795,-0.0267335190193486,0.0180542922923484,0.0056160534122192,-0.0076913979821766,0.0025532387973177,0.0008381095219951,0.0470161814006543,0.9988903026627384,0.0571893897778361,0.0318470550279399,10.821973569921248,-0.0011461266139618,-0.0176763192941999,-0.7305014798901959,4.246250939730126,-0.6588819397614037,0.4660798796164613,1164.5005901951483,1193.6783343996992,1152.7328992746905,1180.9344781922005,335.56387583858964,395.6916197220175,-569.287808080189,46.966755467450255,157.60417952679776
49.8725,-1.2076873019736527,0.3132604791106906,0.1616085690901253,0.0155020785073446,0.0079813952913191,-0.0080932198033414,0.0025338257205816,0.0008770296706462,0.047026491672995,0.9988898028643522,0.0556435233992628,0.0316314299310069,10.826377459851948,-0.0007742135895464,-0.0173452529926359,-0.7280083359281434,4.246242938129033,-0.6589158446027099,0.4642600422874838,1165.4044611721715,1194.4983513922518,1151.33968406932,1181.1403547858304,405.249204688794,285.4803161158411,-526.541012953227,114.99354885660522,157.6022076031562
49.875,-1.4540693556904403,0.0799984278659661,0.354563320976064,0.0114074088592969,0.009630310919136,-0.0059733305633579,0.0025032022226636,0.0009044662896009,0.0470419990181686,0.998889093381758,0.0537648418158771,0.0310818456025938,10.830632098893362,-0.0004143679079067,-0.0170019499634188,-0.7255260195671331,4.2462347166122125,-0.6589487760626218,0.4624447580285677,1166.5268362185907,1195.1057359802771,1150.1001942099267,1181.5094459364827,401.06763723711174,160.33414515742183,-334.08920017039605,135.57142736761813,157.60000556922597
49.8775,-1.5542184645132806,-0.1210486355045266,0.437339095392532,0.0072626654544477,0.0094172920506618,-0.0024571877504655,0.0024587080712846,0.0009230279563092,0.04706018154982,0.9988882995396198,0.0514806973033302,0.0301496442143652,10.834853067930355,-6.486063580837417e-05,-0.0166445498091108,-0.7230507565957479,4.246227920785832,-0.6589800998355216,0.4606347846942043,1167.4097993583555,1195.3000221180382,1149.6692380684694,1181.8182119226678,323.15921277942675,12.792017905206016,-9.449519218828467,99.96303273796345,157.59830963763577
49.88,-1.519384091587042,-0.2837997218842993,0.4101363142812003,0.0026936570816837,0.0078313762842921,0.0008340796445789,0.0024049827596652,0.0009346440362149,0.0470764576687092,0.9988876257681863,0.0487506752515901,0.0289432707367688,10.839142169586356,0.0002735631564242,-0.0162813624672996,-0.720578297800801,4.24622337063765,-0.6590084813774205,0.458830304063339,1168.1426322824886,1195.1696960698032,1150.0529466138323,1182.009261100173,255.12415047738293,-104.96623224952685,293.8720399818382,45.237530844110154,157.59676042741404
49.8825,-1.362168016957576,-0.3882653394479414,0.3006128702264966,-0.0020224940582963,0.0055878976103636,0.0030799455481836,0.0023487687253126,0.0009417840389867,0.0470875592077615,0.998887211864144,0.0455366391407538,0.0276154987565941,10.843587104405836,0.0005998824514944,-0.0159230968036751,-0.7181042246659071,4.246221319229952,-0.6590336517706418,0.4570329279830005,1168.685420110743,1194.7751909567903,1151.1385982683792,1182.0443995768885,158.2019892753653,-216.78544497741927,575.8391880403232,-26.61036901988756,157.59533433442837
49.885,-1.0610976263043395,-0.4094022903445077,0.1303088637637633,-0.00639463768195,0.0033341805398571,0.004073928883934,0.0022961042063445,0.0009471525590755,0.0470898411359348,0.9988872159763722,0.0418063328730658,0.0263014670904678,10.848260649664066,0.0009128776625918,-0.0155784675068325,-0.7156240331339392,4.246222349570233,-0.6590562701811041,0.4552424031437837,1168.9336422288648,1194.085768844917,1152.9321425540315,1181.8762092550735,30.765197983221416,-360.466434319412,875.9095122128267,-112.95929011247284,157.5940580794874
49.8875,-0.5653125606080801,-0.3481383736395309,-0.0776759881934968,-0.0101204832010526,0.0013195283843741,0.0036846406557177,0.0022455660089215,0.0009604451688968,0.0470819790382351,0.998887690648368,0.0373805848714675,0.0249773969847906,10.853222561740354,0.0012214833343865,-0.0152447608681771,-0.7131332197665424,4.246226908394137,-0.6590778124517543,0.4534577693839318,1168.8392461006592,1192.9728587851923,1155.5181458294455,1181.4796031263259,-100.71997920794578,-445.65133998435095,943.7261982919327,-167.68070813346247,157.59270110382377
49.89,-0.0818870475677619,-0.2464244109848164,-0.2045854818462045,-0.0113430954508517,0.0003762756295485,0.0020924400272957,0.0021997219826797,0.0009845914743363,0.0470684005982235,0.9988884117498448,0.0322433161100514,0.0236931228599704,10.85851323631888,0.0015246376592063,-0.0149232468864118,-0.7106269504261243,4.246235273332705,-0.6591001924938149,0.4516773166567848,1168.4300423328248,1191.857512144994,1157.6507735454936,1181.037805714406,-223.47518058888767,-473.78789714527903,752.4002271462471,-188.94723592992608,157.59171634853152
49.8925,0.4118611824529228,-0.1259234496873059,-0.2383607302627465,-0.0104596726842666,0.0001834994272035,-0.0002123049929251,0.0021603213603679,0.0010184662335412,0.0470551077538379,0.9988890896943292,0.0264756698500918,0.0224708064224709,10.864155949374684,0.001816184082824,-0.0146126116951347,-0.7081003882850518,4.24624710283596,-0.6591254990870087,0.4499014241077965,1167.7218701977158,1190.603919299468,1159.2801469651736,1180.534866946677,-357.696057114207,-572.7775289311264,513.9200813268516,-229.87602449581635,157.59088354066347
49.895,0.9442211709129612,0.0014611457727769,-0.1511221105999187,-0.0074115210644927,0.0007130672857799,-0.0031134550570728,0.0021307891347815,0.0010549967074418,0.0470477101065055,0.998889458313922,0.020297606643662,0.0213572868988289,10.870156780900876,0.0020826055698824,-0.0143128014427306,-0.7055489062844554,4.246261105231309,-0.6591548751427428,0.4481307101976883,1166.6415620472528,1188.993624500337,1160.2203739521292,1179.8884255919263,-409.58960641893975,-601.4166862833115,145.58188800808068,-245.58752261592585,157.59005974639388
49.8975,1.294731956138086,0.0707118955994602,0.0166327510473751,-0.003700826686675,0.0016779366670495,-0.0050964173593019,0.002117258840123,0.0010854360674254,0.0470507616648954,0.9988892992078852,0.0139742072200757,0.0204515072431259,10.876506302365144,0.0023094123563842,-0.0140273648873146,-0.7029682666527673,4.246276117166563,-0.6591881874551259,0.446366198686183,1165.67392216562,1187.59683586805,1160.0080564052143,1179.3069293335968,-363.4500010546739,-562.2207528200872,-279.00736499625873,-247.0195103621764,157.58951917707728
49.9,1.5140422781584963,0.0871667012777864,0.2383276952321152,0.0006964926742318,0.0029546619568245,-0.0056820878826526,0.0021241685282067,0.0010985941226103,0.0470643913495613,0.9988886068880652,0.0078248331798526,0.0198095519765253,10.883182917326508,0.0024806042014122,-0.0137578700846971,-0.7003548631391912,4.246291694220608,-0.6592245797540841,0.4446079904619309,1164.824312041981,1186.1825207362392,1158.8253371271492,1178.6533280401163,-299.1476684016395,-615.1814472983953,-674.4718192403712,-309.6155143335416,157.58912923698543
49.9025,1.607564590945108,0.0498399815957654,0.486705155923792,0.0063020911242209,0.0042841810098632,-0.0039576763523281,0.0021549467686624,0.0010915733045324,0.047090283108281,0.9988872951756824,0.0019897647785383,0.0194714353656547,10.89015556065812,0.0025935037404876,-0.0135062665991769,-0.69770567879155,4.246306729171642,-0.6592629373358069,0.4428550088318013,1164.178183823611,1184.5209286315564,1156.6356973090108,1177.7588517619283,-144.65008714357157,-591.4236586663877,-856.2401062138346,-345.8817770521868,157.58883400600325
49.905,1.5446352640518632,-0.0116606096870447,0.6183074309108476,0.0107988007516457,0.0045940735055697,-0.0006899441133369,0.0022127618952729,0.0010627852988055,0.0471258906239771,0.9988854797514988,-0.0034212784245532,0.0194730057815835,10.897385280354456,0.0026488235961141,-0.0132759351954722,-0.6950184117377924,4.246319479689641,-0.659300738661781,0.4411073443676351,1164.1010616062629,1183.2254024429055,1154.5441365960778,1176.9239191548547,85.77491343711316,-478.0310606050334,-797.481044891672,-345.1555545002931,157.58873052911636
49.9075,1.3497192046511204,-0.0742292449901809,0.6207464976619319,0.0144614324677886,0.0038910213427599,0.0035802541948672,0.0022931258289963,0.0010122733149489,0.0471643628521834,0.9988834953538122,-0.0083456719056954,0.0196874562177298,10.904830427863343,0.0026512767773964,-0.0130616584918697,-0.6922918583805138,4.246329102974002,-0.6593352321465201,0.4393649129790341,1164.6070583907963,1182.1307733285335,1152.648292084556,1176.0330739894284,299.21790077572194,-382.91200875972635,-667.9840427698985,-355.8804623903596,157.58877301758633
49.91,1.0621519091057867,-0.1164670006933322,0.5071573735486263,0.0174214001026408,0.0028662708994816,0.0078857245411499,0.0023868060265941,0.0009476256997459,0.0472001815084049,0.9988816177353216,-0.0128937630287903,0.0198963816903462,10.912448866981023,0.0026169179264372,-0.0128540374788003,-0.6895260148908005,4.246334499844015,-0.6593646718070468,0.4376275918409439,1165.5971511101422,1181.310842399106,1151.2042163822266,1175.144516842902,493.9416227670992,-233.569519800693,-430.1876119786884,-340.27544744304447,157.58893478471043
49.9125,0.6853997740023848,-0.1188819895325861,0.2861259743166676,0.0199079804991648,0.0019449094032728,0.0109277794011392,0.0024833795470058,0.0008787677454813,0.0472309345655876,0.9988799807911106,-0.0172323877210248,0.0198639573164498,10.92019960620933,0.0025649728764925,-0.0126436205947204,-0.6867222679117186,4.246335197294576,-0.6593887920816277,0.4358961799789564,1167.076766504633,1180.9629257295292,1150.4973540246615,1174.3316967522123,722.5680522433073,-13.80416015782776,-137.873911336408,-318.97890343317977,157.5892379186916
49.915,0.164247448869398,-0.0698349486183016,-0.0134845397929965,0.0219578645581389,0.0011564688228328,0.0114949193529474,0.0025702487482043,0.0008203891273419,0.0472577627226953,0.9988785502224772,-0.0216389591493781,0.0193198751699812,10.928046028541104,0.0025205265261282,-0.0124190503622645,-0.6838835973238512,4.246332546384568,-0.659408654756431,0.4341731267517075,1169.2099913713555,1181.241821598317,1150.5148468255452,1173.5496223257376,806.2774460514414,230.50895998350856,124.0129127985076,-236.6587570798555,157.58976150183588
49.9175,-0.2948120388669355,0.0111633926989767,-0.2104318328212873,0.0222418963905329,0.000688916816502,0.0089881806743276,0.0026374321508718,0.000779401719739,0.0472819807258827,0.9988772825345484,-0.0262231334325668,0.0180524107175611,10.93595679557764,0.0024965395822411,-0.0121721741389157,-0.6810145035037969,4.246328940957526,-0.6594258659188877,0.4324603700966083,1171.1081537348923,1182.1154705294475,1151.1174185886543,1173.1484029668125,744.6707507781239,481.2719858084432,313.2415402946879,-82.71978126317978,157.5903281186787
49.92,-0.7316071461886362,0.1232193112152942,-0.2736608186380824,0.0206079988427673,0.0001836947985181,0.0040931339893404,0.0026763525623222,0.0007639051770099,0.0473041235866449,0.9988761679440052,-0.0311225505626948,0.0158920218712174,10.943908386066012,0.0025060133266934,-0.0118964750776676,-0.6781206333848763,4.24632608766792,-0.6594418767577757,0.4307602584823795,1172.933345125248,1183.6481815273603,1152.0810545270194,1173.1360234194215,749.0888820799673,804.7885847732275,449.94618121677365,117.62879855720496,157.59102644711672
49.9225,-1.1744140585434053,0.2699333523973368,-0.1724777277486768,0.0164833776265518,-0.0003714372755548,-0.0018651289905551,0.0026852619788066,0.0007714702911979,0.0473251399280115,0.9988751672747528,-0.0362391700695169,0.0128180370190101,10.951884841602876,0.0025457547778237,-0.0115934133129606,-0.6752080776189539,4.246324881981973,-0.659457374259087,0.4290729402835277,1174.8535981452887,1186.13941345331,1153.367149494736,1173.736546959598,637.4556005650369,994.9405980319536,462.49247553559127,343.2788982046594,157.5920126606789
49.925,-1.445810609328884,0.373706621780322,0.0141687894283905,0.0118549835959626,-1.1674630202950551e-05,-0.0040170857044773,0.0026707568419923,0.0007917276032235,0.0473443566128721,0.9988743034218724,-0.0412924706984064,0.0089945885561239,10.959878273221888,0.0026002845418133,-0.0112744187028235,-0.6722825228513729,4.246325984067855,-0.6594728717718209,0.4273977759010321,1176.1206231280748,1188.6228845175228,1154.3935169046983,1174.8524179104456,416.70755113929374,1037.3265278323893,382.28892698510657,583.3497753461614,157.59295510603556
49.9275,-1.6027723370511335,0.4129663015186389,0.2000682347569557,0.0071827308886506,0.0019286802668192,-0.0013228352506789,0.0026493783563497,0.0008125229769278,0.0473634604211523,0.99887346115551,-0.0459496285353469,0.0048118791803783,10.967888378065524,0.0026504245522,-0.0109632895831958,-0.6693484343526437,4.246329549038811,-0.6594881298563545,0.4257323384071665,1176.9371359009863,1191.3260460924744,1155.2785941296627,1176.6532958363302,238.19780440597984,1188.8175292839503,352.9562162557367,929.3449077774125,157.594019298035
49.93,-1.6701170274942392,0.339419885861971,0.3035800675395372,0.0023214379882543,0.0052465671641201,0.0049355268469954,0.0026313669494077,0.0008297204689694,0.0473819714530041,0.9988726385361942,-0.0500572000010966,0.0005398586508095,10.97592566209675,0.0026878804942924,-0.0106749910684603,-0.6664088160848102,4.246335363730129,-0.6595033414050823,0.4240749366888727,1177.3116121501037,1194.5669721639372,1156.1582979859757,1179.4991424493285,31.429541130030263,1151.01644291449,294.45305762900205,1117.4477827077876,157.59543314685197
49.9325,-1.6415799122222676,0.1640589555791872,0.2533434963210847,-0.0012252151033736,0.0077482084766563,0.0095594525836972,0.0026151101300125,0.0008461021321633,0.0473962619691983,0.9988720057823394,-0.0536229379509228,-0.0037966086694928,10.984010410036086,0.0027142516240588,-0.0104085165435469,-0.6634650579078379,4.246342985607599,-0.6595187786332413,0.4224236685371797,1177.0942836066365,1197.08112830705,1156.7508594178084,1182.240534749872,-191.71008433772127,928.4270485979757,208.35994271659075,1103.3372866471648,157.5967225302702
49.935,-1.5420586232018283,-0.1145921799192026,0.0893906597114509,-0.0047421851709183,0.0090801095650833,0.0114942181142321,0.0025983461688528,0.000863858209327,0.0474044893880728,0.9988716548019656,-0.0566385776454393,-0.0081817834382797,10.992167151898236,0.002730415046452,-0.010161699900398,-0.6605167595654259,4.246351996268089,-0.6595342952136439,0.4207772655550156,1176.3530617284143,1199.2091074069294,1157.2000976995591,1185.0158288825671,-371.16588308014906,766.5956543943746,152.38237598400917,1058.1842916487933,157.5981239544861
49.9375,-1.391908223949243,-0.4473481489558009,-0.1117651829332062,-0.0085063240864229,0.0087946309346826,0.0108377952567632,0.0025809097765953,0.0008806523486667,0.0474051936817224,0.998871660706206,-0.0589912562416404,-0.0125543644388666,11.000421818018022,0.0027314684083339,-0.0099347212038167,-0.6575619710623143,4.246361507569057,-0.6595494723831838,0.419135429468705,1175.2384541912375,1200.9141065790184,1157.5127712977276,1187.5314562081112,-513.0269518200412,569.6361737735239,86.40682948829308,885.7009226511634,157.59961582132235
49.94,-1.1905585688182923,-0.7950425850345155,-0.2820196821874348,-0.0123309836022964,0.0064222555046637,0.007715825846979,0.0025570431193998,0.0008864932044891,0.0473967423135902,0.9988721252979592,-0.0604034655073665,-0.0169812950047265,11.00880171294096,0.0027034277452042,-0.0097198790147515,-0.6545977658429388,4.246372174007219,-0.6595641054270928,0.4174979228209532,1173.7879269693167,1202.0572882757945,1157.6321318470002,1189.444333495819,-681.2711339037529,380.01643215483114,7.615027400921205,660.8442837120749,157.6012139682854
49.9425,-0.912837200658714,-1.1712342122206767,-0.3873835826405008,-0.0160203521007236,0.0020544458008487,0.0031879511252809,0.0025210878867614,0.0008781585901967,0.0473787645496395,0.9988730830365148,-0.060745171049281,-0.0215195145059286,11.017330963166737,0.0026420086073538,-0.0095100964237566,-0.6516204830728582,4.246384237763464,-0.6595776928882076,0.4158647808288011,1171.8320985217167,1202.8141887397935,1157.5508464347324,1190.8356776266733,-728.53829134182,192.99271777921732,-57.546100634833806,358.13341686280046,157.60325148696012
49.945,-0.6775048380234328,-1.4231781741408671,-0.3861761084278912,-0.0178734618607296,-0.0022659378604619,0.0003858114379502,0.0024748735536827,0.0008535297294997,0.0473552110370791,0.998874344502761,-0.0599032793672741,-0.0260607477160541,11.026027656880922,0.0025447966465729,-0.0093081092087901,-0.6486260979532562,4.246397316316009,-0.659589883654354,0.4142364970698209,1170.1452355126055,1203.022251864691,1157.344401343826,1191.2350005801338,-663.8244010458164,25.66549796863516,-87.96953390168525,30.031397540215067,157.60504727736415
49.9475,-0.4734911526500914,-1.6000893541642904,-0.3254800418869687,-0.0184419732314884,-0.0068730992657103,-0.0007132408237006,0.0024257225073985,0.0008116305020406,0.0473293916367406,0.998875739314166,-0.0577878702199281,-0.0303769450061249,11.034903622982956,0.0024116814078879,-0.0091235319887838,-0.6456107055364178,4.246409655838324,-0.6596001594260233,0.4126138792367761,1168.5129765164909,1202.9425162296363,1157.1109987652244,1190.985834614374,-690.5747075221475,-69.6753992137572,-74.5413701184662,-205.12836701776416,157.60694275646424
49.95,-0.2969593687742752,-1.7363876530484097,-0.2445311222390678,-0.0180268746901659,-0.0122820748551306,-0.0004318011124273,0.0023843272613191,0.0007571484239362,0.047301965544109,0.9988772081045117,-0.0544369549236057,-0.034164032533659,11.043964405094867,0.0022508436148583,-0.0089700277771596,-0.6425708903384852,4.246419296291112,-0.6596084839499797,0.4109976192949945,1166.6923619749932,1202.673874868622,1156.9716944932331,1190.2093587450445,-639.2935976991251,-116.35560831476553,-5.115086436578279,-321.78263567640806,157.60933090589492
49.9525,-0.2158488689127379,-1.8051232407664968,-0.2099664262084436,-0.0171442706430265,-0.0163569310712868,0.0008116300170076,0.0023536197185546,0.0007003454583773,0.04727196459238,0.9988787773785412,-0.0500288736932313,-0.037289485776086,11.053211844088338,0.0020789429912303,-0.0088507025055168,-0.639504176210566,4.246426299863735,-0.659615354397703,0.4093883568276345,1165.3165085279936,1202.3607381880624,1157.0854233330415,1189.376921435991,-515.1727061469184,-151.5874419571006,109.93231549328804,-328.7048940605279,157.6114147852472
49.955,-0.1909167229870086,-1.8525220642387497,-0.2340629443393371,-0.0159975499450416,-0.019897836093226,0.0023725478547851,0.0023359070794993,0.0006464969164805,0.0472409366085584,0.9988803592359374,-0.0446437097720083,-0.0396483298204667,11.062643579720103,0.0019066946616791,-0.0087665248638047,-0.6364091136103717,4.2464316541921825,-0.6596215903482948,0.4077855944501186,1164.1164984442607,1201.9159376588373,1157.5213560706993,1188.565834274743,-474.58919365615935,-255.2756903320245,270.08564949419275,-321.31757056192254,157.61359530083968
49.9575,-0.1787355217237618,-1.903841145274548,-0.3185639226269975,-0.0151584872553628,-0.0240701355488309,0.0030981322906942,0.0023292779896512,0.0006004947506859,0.0472111219303979,0.998881844365987,-0.0383709293379359,-0.041240038045293,11.07225409972094,0.0017448110838826,-0.00871190899566,-0.633285455808993,4.246435998220213,-0.6596281901596374,0.4061900788321426,1162.9435625597116,1201.0843597364017,1158.4358515805131,1187.770333583181,-372.16412339466,-377.36432399150334,394.7797194289505,-253.9000872684548,157.61632322896455
49.96,-0.1293033057213604,-1.9430500516941436,-0.4027716123238034,-0.0159273769383341,-0.0280976812600671,0.0019398421800561,0.0023291135313962,0.0005613391592881,0.0471898081939145,0.9988828946596198,-0.0311871195487804,-0.0421431575239257,11.082035203344635,0.0015967446582369,-0.0086764183384788,-0.630134254140501,4.246439970326225,-0.6596367729663669,0.4046038746155338,1162.2556778272867,1200.0291160388788,1159.495254667845,1187.2963338384004,-198.44372229017463,-509.18290873729273,473.01142505172993,-153.9488748856947,157.61868889261913
49.9625,0.0316028064059189,-1.966878325022332,-0.4546145824212439,-0.0184252456983504,-0.0330517333871893,-0.0007775377706365,0.0023335136460537,0.0005274474164849,0.047182974300905,0.998883229072203,-0.0230698860350557,-0.0423914775400648,11.091975198048724,0.0014651995186296,-0.0086521338793613,-0.6269576475390657,4.246444044433784,-0.6596481818572903,0.4030288865904409,1161.9513439482616,1198.5384451927175,1160.8009087057696,1187.0005892087531,-31.0588907091483,-735.3996025521941,613.45234585488,-101.99547749597752,157.62114958115717
49.965,0.4061406528621267,-1.9614603665017727,-0.4461009898665387,-0.0217385265027222,-0.0394600335347338,-0.0041992869701456,0.002344460557355,0.0004986336221831,0.0471907860552569,0.998882830271898,-0.0140423186585311,-0.0419465965736632,11.10205896698009,0.0013545841127052,-0.0086354793932367,-0.6237584776841003,4.246447587851297,-0.6596619038844492,0.4014660161446209,1162.100383373741,1196.352118026116,1162.562516397121,1186.7863564509203,144.9859284960152,-827.6517835055841,662.3568997598135,-66.11350123558879,157.62421062501627
49.9675,0.8680520100659198,-1.923552763982268,-0.3801661284600619,-0.0232546107023148,-0.0444021293168526,-0.0059711883594241,0.0023599698887191,0.0004713780091257,0.0472083928860854,0.99888192898984,-0.0040771328219962,-0.0408765338772967,11.112269231363827,0.0012655112525819,-0.0086174837468095,-0.6205398861411401,4.246450430268154,-0.6596778487550855,0.3999149891050933,1162.676273590742,1194.4001862751875,1164.1126932045704,1186.670021702575,322.28351480168595,-740.2842048081222,611.5918175014136,-45.7409505429457,157.6268500551216
49.97,1.4315604736732253,-1.853187622458108,-0.2746801785775947,-0.0223072087209492,-0.0485563923269336,-0.0062388074948586,0.0023786579715249,0.0004359590674821,0.047229449981382,0.9988808282161876,0.006972031711982,-0.0392569175982808,11.122584462531924,0.0011909596041798,-0.0085897498214176,-0.6173046327565322,4.2464531242563694,-0.6596964689167762,0.3983756590834582,1163.7118009477479,1192.6506970020787,1165.620475484625,1186.5576516982055,484.0344457209792,-612.8913578809309,570.9096318930086,-51.99203307690437,157.62957895986395
49.9725,2.0080682081134817,-1.7578460114385663,-0.1551508088800824,-0.0187982752687939,-0.0523232898042977,-0.00589556776146,0.0024016917370673,0.0003778390449971,0.0472500238946335,0.998879710472994,0.0193427950167536,-0.0371250339981243,11.132976650962192,0.0011179378965687,-0.0085473102514807,-0.6140544959303024,4.246456497492209,-0.6597180900540724,0.3968459673248974,1165.0964458193482,1191.3357294857813,1166.967241364037,1186.4100615371904,625.6105383952655,-369.1772381718623,464.91285471523815,-75.63782554648918,157.63237984161526
49.975,2.4964540931097527,-1.628302436859923,-0.0316263924847097,-0.0118555761405446,-0.0561286269463897,-0.0062637309305035,0.0024292447923372,0.0002906774413559,0.0472697415823714,0.9988785881280428,0.0330714789937939,-0.0345431528464686,11.143411159259836,0.0010437181362238,-0.0084854141207403,-0.61078991798105,4.246460319987124,-0.659741632679986,0.395323644119824,1166.8398536397256,1190.8048108112184,1167.9450397582027,1186.179462570473,830.8561102965821,-18.141134196155814,305.58339295731054,-130.71992036623735,157.63526434432097
49.9775,2.8590627197144207,-1.4210743963959782,0.1101990313698007,-0.0005665949713759,-0.0609824861710056,-0.007807160096676,0.0024636046855393,0.0001743687841812,0.0472892730115428,0.9988774197210591,0.0480394967042072,-0.0315288498021722,11.153844947274626,0.000973088637288,-0.0084035901044842,-0.607509884472104,4.246464623202956,-0.6597658808380809,0.3938082920430259,1169.2507263708271,1191.2450238148003,1168.495158328822,1185.7564619353595,922.7975139452891,334.3901783661857,82.7717791406971,-186.0643810990908,157.63881770098345
49.98,2.9182881558250173,-1.197703074272766,0.2038327087171198,0.0095089272482721,-0.0648465843675162,-0.0086059109679783,0.0025061795421313,3.181497495678499e-05,0.047305386835383,0.9988763529476276,0.0640417533064801,-0.0281211244979035,11.164225816584356,0.0009145485425641,-0.0083020046728147,-0.6042121069768825,4.246470073368014,-0.6597899203006509,0.3923005791785613,1171.4538412094544,1192.4767617030502,1168.3588986539064,1185.2491406649772,905.1612369843411,624.5479149479695,-171.57021596090408,-239.62509061886087,157.64185166265477
49.9825,2.709635629727667,-0.9221772876248356,0.2275911624249,0.0185633048224991,-0.0678270875231734,-0.0075441694181861,0.0025581392114064,-0.0001357120055289,0.0473156918428264,0.9988755008040222,0.0808926915667545,-0.0243682769580943,11.174490445666809,0.0008746232860197,-0.008182098796387,-0.6008931721238397,4.2464761409509695,-0.6598132717086712,0.3907997745820044,1173.7765325557511,1194.367763389542,1167.637307249017,1184.5583364822648,1030.71966500118,888.8988787880761,-414.86171707935216,-345.38590937113014,157.6449564749516
49.985,2.189679329954437,-0.5442612712668115,0.1178402655760784,0.0276552007060478,-0.0701600997086106,-0.00401682701719,0.002614098434831,-0.0003192898686512,0.0473198738392296,0.9988748974648166,0.0982146348222981,-0.0204564088320646,11.184567136788772,0.0008694101100858,-0.0080395723894337,-0.5975488067473997,4.246481306709617,-0.6598349205384559,0.3893039158162946,1176.6074395344558,1196.9212560969863,1166.2845900685115,1183.522211118123,1030.6643087460727,901.711184196704,-535.7616426049377,-410.17834219766814,157.64875844661603
49.9875,1.5894863771111185,-0.2041270819856146,-0.1093421323408174,0.0334985147621306,-0.0711498701073067,-0.0001274694731105,0.0026738189012452,-0.0005080206364498,0.0473187569593385,0.9988745216391364,0.1155787950138883,-0.0164513607205516,11.194372614830804,0.00091684868391,-0.007878020589433,-0.594174079813744,4.246483744055559,-0.6598533409393252,0.3878114921481517,1178.9298540994844,1198.8763193105278,1164.958499035991,1182.5074447712755,903.3648043105968,656.4083155312626,-518.7156048960862,-429.71234522415966,157.65198593922347
49.99,0.9093411946494808,0.1431915154614976,-0.4488827968864831,0.0367533533662688,-0.0712571523411596,0.0020637832254117,0.0027363608905626,-0.0006909807429318,0.047313046909436,0.9988743782457136,0.1325456829934746,-0.0124283514544637,11.203813615610867,0.0010343736799253,-0.0077014061869079,-0.5907641174385118,4.246482143204012,-0.6598674134488666,0.3863229375414787,1181.124263556011,1200.2032976746443,1163.6910120440295,1181.3736493920012,917.567308347468,370.4285653886658,-494.06936396366655,-515.1036632450224,157.65526952673602
49.9925,0.125201873792322,0.5448770865080474,-0.8833061612437063,0.0365991480456032,-0.0703273344710945,6.581406133397791e-05,0.0028034433918243,-0.0008612986808433,0.0473066882090233,0.9988743300571864,0.1487647763814127,-0.0084002308158485,11.212785835209562,0.0012333340902413,-0.0075172762360113,-0.5873147718242469,4.2464761418924475,-0.6598770945204078,0.3848388823378087,1183.5176906412175,1200.7284621374695,1162.4881522161747,1179.9319264550527,827.8784323569511,-1.7954391864795889,-367.0045003803749,-532.5484476214574,157.65926823830108
49.995,-0.4180272040702894,0.8491103070228911,-1.1732359127969758,0.0335599643795678,-0.0685181108529653,-0.0049616490606711,0.002871161841149,-0.0010136088950132,0.0473002888633337,0.998874405883261,0.1639126018475328,-0.0044969977378663,11.221178474241547,0.0015219385145869,-0.0073265206584629,-0.5838233895528212,4.24646648018514,-0.6598834981493997,0.3833613035968718,1185.263655717798,1200.194320478712,1161.8559895421267,1178.7109071538923,639.4704191680287,-398.1252105868644,-173.3673172882413,-480.2731837675582,157.66264428742292
49.9975,-0.7816273733769991,1.1015099714437953,-1.2982422333158339,0.0294907350183507,-0.0654206643963774,-0.0110057970583236,0.0029317484405636,-0.0011411591402045,0.0472920612511076,0.9988746835109704,0.1776353467875037,-0.000923061132724,11.228877554999842,0.0019078418392122,-0.0071252188941756,-0.5802891972155205,4.246455854186417,-0.6598873058500528,0.3818944709277376,1186.715042737059,1198.737836084534,1161.621315629733,1177.5305605362137,528.5372799224465,-704.1455379604523,-41.19048991964626,-455.9332442033392,157.66605973399993
50.0,-0.9809422475505704,1.301264131457312,-1.2542293169300087,0.0258200747956929,-0.0612508191720094,-0.0167200531294679,0.0029714802817642,-0.0012356444530063,0.0472756762306772,0.9988754692066582,0.189548113962143,0.0019967444557238,11.235770001563376,0.0023979375147873,-0.0069019584412074,-0.5767133220347597,4.246447402768273,-0.6598895752279091,0.3804401981826699,1187.9063421174078,1196.673592788913,1161.6500370925287,1176.431240932878,412.9382695966005,-925.89338021237,48.05103272455931,-407.21183569376734,157.6695031477266
50.0025,-0.994886054541718,1.4416452572105292,-1.0108324344279556,0.0232198405430562,-0.056343314953921,-0.0214028837152988,0.0029833867178976,-0.0012950051928274,0.0472483313454035,0.9988768912786063,0.1994311464612539,0.0040901762892841,11.241739726339263,0.0029884940496228,-0.0066519968346195,-0.5730982599577461,4.246443877706797,-0.659891378645795,0.3789979782339643,1188.7797340850404,1194.1083691834765,1161.861570793356,1175.4945013577467,315.66995619057013,-1185.491558995894,99.12128725172285,-355.09404092599675,157.67297436127149
50.005,-0.8295475559623551,1.5757162177956283,-0.5382668503793117,0.0208495527219061,-0.0510240149691466,-0.0249883905928952,0.0029681249300965,-0.0013197415227081,0.0472116793993022,0.9988788532664242,0.2071543707309167,0.0053597061682222,11.246671422845735,0.0036698409184999,-0.0063782361891274,-0.5694473893966802,4.246446099812491,-0.6598934206169202,0.3775668449317158,1189.4846918983615,1190.7461349939304,1162.1456435287876,1174.655770728247,209.4510967072276,-1239.982063472737,87.6827689487533,-246.1329145151572,157.67716398507827
50.0075,-0.5633050558115434,1.701138734714273,-0.0524079465865751,0.0187057675440735,-0.0479079044811485,-0.0258128406571631,0.0029397654507862,-0.0013193683340348,0.047169215872454,0.9988811232176872,0.2128332417475266,0.0061055735380184,11.250448719055939,0.0044194525773734,-0.0060972898072318,-0.5657646341716268,4.246454080760772,-0.6598960674120135,0.3761446581983695,1189.8269895685771,1187.9084588661096,1162.2999846380999,1174.2638367851703,97.5632518230646,-1098.062741381862,26.3843208862694,-83.6701496545026,157.68066942175082
50.01,-0.1929679694412251,1.8917507363619368,0.4498484093341068,0.016321255075977,-0.0461424692459686,-0.0243530777144087,0.0029134256935484,-0.0013052039645179,0.0471260062686818,0.998883397858724,0.216657696830522,0.0066544217351353,11.252964474416917,0.0052116739134539,-0.0058257483748764,-0.5620545107273712,4.246467421244748,-0.6598997507655995,0.3747302816707241,1189.9725081574763,1185.2558212870263,1162.277565133219,1174.237419979975,25.92647198533579,-1079.0768582552964,-66.32285917386315,66.03458793534888,157.684181951335
50.0125,0.317561720586617,2.2203053624489746,0.989116867788947,0.0147566281115333,-0.0437471476384296,-0.0205394386497182,0.0028973707809779,-0.0012832014332836,0.0470834242089831,0.9988855803953154,0.218724092430248,0.0071900811310807,11.254130295879364,0.0060268204623123,-0.0055719359478938,-0.5583222499486835,4.246486081114504,-0.6599040430146405,0.3733243307476939,1189.9566219285039,1182.5130745748304,1161.9683703422304,1174.5940097248472,-40.730179951449,-906.2869348537699,-171.14353223796908,175.8523093950326,157.68839605819193
50.015,0.737708902556493,2.5568844176640915,1.3424571636239095,0.0158745907881188,-0.0398867928390638,-0.0161448618300185,0.0028951815387465,-0.001251758098982,0.0470422955950805,0.9988876263429948,0.2189903399866386,0.0078016226812407,11.253880266825837,0.0068537720823786,-0.0053389636905157,-0.5545738389945292,4.24650957698067,-0.6599081213925984,0.3719280131537542,1189.7688572577188,1180.724386612755,1161.4218474720287,1175.1166815269503,-126.09949342788794,-593.2312877876424,-291.2766016191574,217.53535761292144,157.69190010313832
50.0175,1.067463022165806,2.895136528479304,1.5707364311752463,0.0196781865165731,-0.0333827777505784,-0.0110781178140875,0.0029068455848805,-0.0012082422983403,0.0470043999084448,0.99888946182304,0.2174244559945312,0.0084989759024014,11.252170068396225,0.0076829181513142,-0.0051259630524088,-0.5508160773871859,4.24653806404636,-0.659911561870709,0.3705428780133686,1189.3261244613648,1179.5469181358949,1160.511987334136,1175.6816865129108,-278.9659729926307,-371.61001203557225,-494.8961252400492,205.13357278235583,157.69538757376614
50.02,1.2763003642796007,3.2103732951335298,1.7044904490421833,0.0261283404614439,-0.0229914669007661,-0.005260949070144,0.0029299295217066,-0.0011486867122897,0.046972311634024,0.9988909855699551,0.2139980216385843,0.0092387822354889,11.248978713912248,0.0085068571554848,-0.0049296122415215,-0.5470564033610636,4.246571073970267,-0.6599138587895848,0.3691686970481335,1188.3740273927551,1178.8663365525763,1158.9473668458272,1176.1423493908628,-436.1938042104199,-134.29601337090796,-653.6196006168051,97.48439015201728,157.6995436165226
50.0225,1.2638049833281644,3.339481053124425,1.7198790971870093,0.031961170530443,-0.0128142868234198,-0.0012179381788619,0.0029611262426347,-0.0010764184749295,0.0469476955110085,0.998892131423506,0.2088792472428412,0.0099502542740924,11.24430538593608,0.0093113410492041,-0.0047454506578097,-0.5433028001632773,4.246607125829245,-0.6599149914047217,0.367804857650734,1187.1451554403116,1178.87543806904,1157.2438893310502,1176.1691084636711,-591.9154644152894,105.690986947098,-755.0408162183022,-89.34990209094335,157.70297638140826
50.025,1.0657141060906872,3.2923412886464254,1.6675242366952314,0.0368089976881331,-0.002277785285727,0.0019230187602757,0.0029963591454114,-0.0009947951202323,0.0469308355149644,0.9988929001139968,0.2022662150691361,0.010545013171664,11.238173929030603,0.010083678061294,-0.0045683416162379,-0.5395635054665491,4.246644920197117,-0.659914547785527,0.3664515442005044,1185.4144500706811,1179.3947914873113,1155.1721627647391,1175.6955998804085,-771.0807087369324,275.62662708623515,-874.7743631649045,-273.5753236373931,157.70637048683176
50.0275,0.7507007569779391,3.102256047594992,1.5775987830307368,0.0397757227730574,0.0074939071417471,0.0046619019860147,0.0030232258194961,-0.000911254289627,0.0469208178367765,0.99889336719622,0.1944654213319814,0.0107428829798755,11.230633819956951,0.0108089109384865,-0.0043841058502091,-0.5358469826709426,4.246684799746487,-0.6599128217623798,0.365109065423036,1183.2897518966251,1180.2535712044719,1152.8700175152235,1174.8012318454835,-923.5196079930398,405.9063018687736,-951.6433458250636,-436.3220938764285,157.7097280223722
50.03,0.3604262500772622,2.779494529937581,1.4496223806579955,0.0398413369500563,0.015353795139612,0.0076213199990858,0.0030333500258225,-0.0008317351023972,0.0469174133546306,0.9988935650278892,0.1857746429338668,0.0103544331730123,11.22175844643853,0.0114753360894652,-0.0041831821981773,-0.5321614911105939,4.24672756886124,-0.6599108190099847,0.3637782360698574,1180.7968520307138,1181.4243229966562,1150.4139460356112,1173.5139894110252,-1137.4360895432233,567.6389627550793,-1083.9692500132824,-602.6825074644445,157.71303676050113
50.0325,-0.1172423787237471,2.3176189048184175,1.2446683548731048,0.0375877845178192,0.0220976663550872,0.0117410284041835,0.0030303632892247,-0.000758189388075,0.0469179311261563,0.9988936052102252,0.1764291296562618,0.0094634466558001,11.211642269548047,0.0120768459044416,-0.0039689302896599,-0.5285146638377616,4.246772861590179,-0.6599086395933237,0.3624587385883779,1177.6025714489142,1183.0917660182447,1147.450171265162,1171.787819308164,-1165.3777661871068,644.7039161296628,-1070.9243321085955,-613.4082286500916,157.71694570955657
50.035,-0.490575361383527,1.9309858172049812,1.0227149731614007,0.0351137940915489,0.0256255705113886,0.015249011337311,0.0030226628602553,-0.0006936654269487,0.0469171022409084,0.9988937047755664,0.1667019660225737,0.0082581956112323,11.200399019710442,0.0126079984907689,-0.0037493903407245,-0.5249133585055324,4.246819602584336,-0.6599066870286603,0.3611488268965213,1174.9699631997753,1184.647842577306,1145.0593243750657,1170.4469482677732,-1000.2509152585274,645.2696123912456,-925.615700637017,-456.512483798627,157.72014882031343
50.0375,-0.832920628172073,1.5973295567283607,0.7460583449311148,0.032980449733899,0.027589445124375,0.018092734965767,0.0030165083079394,-0.0006393816110804,0.0469148758378021,0.9988938450497588,0.1568268282506282,0.0068767196483259,11.18816254430261,0.0130675058861906,-0.0035303820976655,-0.5213634333418817,4.246866537968571,-0.6599053377165788,0.3598473055426765,1172.601316872619,1186.3181140802023,1142.8220927619743,1169.5052568891697,-940.3620011456408,744.0642863625219,-937.6071963754272,-266.7162197627628,157.72329264279267
50.04,-1.2261066567661238,1.2820317096001297,0.3650089939346979,0.0307420468757956,0.0294308254506745,0.0201979850935421,0.0030148658563644,-0.0005961849631216,0.0469157471884332,0.9988938052543236,0.1470232211285279,0.0053807405956955,11.175083324307103,0.0134566691261421,-0.0033144679239762,-0.5178697506481778,4.2469128343168245,-0.6599042753951211,0.3585544137550705,1170.2681531940511,1188.3681640091152,1140.3712883931928,1169.1133671689606,-756.537340429963,744.5474430606566,-851.1741296207412,2.088331289495568,157.72699431664756
50.0425,-1.551871794213687,1.0788013682488469,0.0252544882020971,0.0285111745924119,0.031370896671209,0.020687370690087,0.0030150735781185,-0.0005605600761145,0.0469223488321527,0.9988934732046074,0.1373978397154738,0.0037112569039694,11.161326751282411,0.0137834148833472,-0.003098822846513,-0.5144360900114605,4.24695789939812,-0.6599025509384393,0.3572714140391483,1168.8186301704673,1190.0408512955075,1138.5662221138687,1169.5156985456172,-482.05982425886646,645.368685399796,-660.9531937486083,310.6103771361407,157.73001884982713
50.045,-1.877190177383972,0.9005468820551292,-0.3118866333000602,0.0251447816355956,0.0338594078834226,0.0199711375805313,0.0030115403175035,-0.0005265557993469,0.0469343504990641,0.9988928880416532,0.1279855061791731,0.0017483086442119,11.1470672452011,0.0140597746474701,-0.0028780748152836,-0.5110650730913595,4.24700165775453,-0.6598996860228938,0.3559992997978858,1167.8578540727556,1191.595007436116,1137.066522424448,1170.666419054642,-339.39361468846016,643.7668248292027,-576.3652289542973,638.023561883836,157.7329803190974
50.0475,-2.2500263810263936,0.6650930305473957,-0.6872915665203791,0.0196624378504482,0.0371394869666951,0.0182005778501279,0.0029999114001891,-0.0004853701458157,0.0469525042855538,0.998892036411113,0.1187411040925432,-0.0005960573172856,11.132482675312616,0.0143017199921088,-0.0026486874894905,-0.5077578573084756,4.2470440264669485,-0.659896242966381,0.3547383647590409,1167.1216620970265,1193.2596854196509,1135.6843959690996,1172.7058163550334,-231.97243762485368,572.7475659682367,-431.8214175152726,806.2863181535672,157.73646140369755
50.05,-2.525918586771773,0.4212881910667722,-0.9610569917694268,0.0140823635418496,0.0398188254302813,0.0159944684943032,0.0029765564331225,-0.0004363526078484,0.0469759932343093,0.998890973012922,0.109779671395783,-0.0033991162200278,11.117747038718251,0.0145177271827889,-0.0024077287906456,-0.504514099571514,4.2470846405718605,-0.6598924760934135,0.3534860945220807,1166.6979918846307,1194.4587452659587,1134.9074153368704,1174.697850645412,-170.1333346685754,439.274659812102,-235.90247159283288,786.0385308866697,157.73930249763447
50.0525,-2.73808189845812,0.1113600675643866,-1.181255081331961,0.0076884799343904,0.0415969875775022,0.0130343702985227,0.0029407557746804,-0.0003816558111094,0.0469997442990047,0.9988899454794522,0.1012557086780298,-0.0066719842832212,11.103027702481475,0.0147139821962605,-0.0021551856112797,-0.501331590230167,4.247122932601313,-0.6598880887912297,0.3522399211011797,1166.2709954236832,1195.4560587187125,1134.504883611135,1176.6360090094688,-197.3079551796193,364.5821209846095,-109.75339246329872,717.8028874904774,157.74208309613343
50.055,-2.8767166822120367,-0.2499110017038342,-1.351343735859232,0.0008010221628254,0.0421064257095702,0.0097051209305225,0.0028970338655105,-0.0003275958471597,0.0470210425573687,0.9988890738065386,0.0933951690556523,-0.0103107690708675,11.08848080635118,0.0148926156113797,-0.0018963076133821,-0.4982064029226755,4.247158343066901,-0.6598837052658855,0.3509980408157332,1165.7114521087335,1196.28165587088,1134.3586483745546,1178.2868650828611,-277.20661757397835,284.5563500569278,-18.067918467695414,552.1400356955286,157.74481521456167
50.0575,-2.9039780928714847,-0.6553439460013664,-1.4594251432024388,-0.0063964670097711,0.0408931969880939,0.0061624990236658,0.0028483966089093,-0.0002791756382,0.0470401616153458,0.998888342398816,0.0863662419863541,-0.0142402976581442,11.074251237386008,0.0150571183832607,-0.0016350470402524,-0.4951331647487668,4.247190525857634,-0.6598798054774919,0.3497599712151609,1164.8849623358124,1196.8788404689979,1134.4145440187965,1179.3967091879479,-437.0612456131349,198.43904021994453,42.08265157797207,346.35282954378016,157.74749151026984
50.06,-2.783615882417782,-1.1656351084927734,-1.5199986209579337,-0.0149750816157407,0.0380327481788454,0.0019634196638247,0.0028064570589167,-0.000240683746254,0.0470574523448787,0.9988876983139744,0.0803033789116757,-0.0181891580968604,11.060466905924992,0.015210724731602,-0.0013840140269686,-0.4921056075372712,4.247219551413331,-0.659876134964997,0.3485265377628515,1163.5261458806667,1197.2738510719803,1134.5690616324443,1180.0186292305807,-555.4879138906067,78.94624203575309,56.36880768961998,120.1840161037764,157.75064268387544
50.0625,-2.5425749438451626,-1.5931272825052964,-1.5155401983805,-0.0217513868029553,0.0351423714902722,-0.001441960653304,0.0027745110425455,-0.0002125419291216,0.0470672963889823,0.9988873869039692,0.0752208181196313,-0.0220591538122954,11.047241708402916,0.0153597416147691,-0.0011477236406957,-0.4891170215220085,4.247247511193554,-0.659872458246257,0.3472991802621149,1162.107522766362,1197.2735716791763,1134.6963880572443,1179.997629268466,-607.4492596326832,-84.95725360538468,48.75247578561243,-89.06564500697556,157.7532219037088
50.065,-2.1459895849421966,-2.0012017593626474,-1.4548976005732899,-0.0280932193243159,0.0314849863353346,-0.0049520604285334,0.0027557196956013,-0.0001983755653582,0.0470661243333973,0.9988875570188483,0.0711815700465476,-0.0257524094050132,11.034670456513604,0.0155058200670526,-0.000930768181467,-0.486160806612201,4.247275980191825,-0.6598677845454393,0.3460775144472051,1160.4888995825063,1196.8490648039535,1134.8128240113724,1179.5733010055465,-719.2180087056345,-300.441124315631,69.32398788404589,-233.6847541278699,157.7557574507354
50.0675,-1.4919511099755527,-2.432893336466349,-1.315685839408742,-0.0351105992530413,0.0252018129646734,-0.0092940509252933,0.0027486462864833,-0.0001961979880602,0.0470555676447015,0.9988881275500192,0.0681018260476377,-0.0292605763192569,11.022831249621888,0.0156546731068129,-0.0007340044303832,-0.4832304839424994,4.247305666774433,-0.6598613563880829,0.3448602816954843,1158.511432722832,1195.771366057597,1135.0430079966648,1178.8292054978263,-694.0840743064288,-494.8772046948048,125.42487468029272,-279.54345606212223,157.75875601714947
50.07,-0.8156911320119322,-2.7134211642895454,-1.1452373034049612,-0.0400498692754606,0.0183508057091794,-0.0127820835885551,0.0027468325412036,-0.0002025895960786,0.0470362964903922,0.9988890802966882,0.0658455507296253,-0.0326766559853943,11.011784848423602,0.01581200283778,-0.0005537708439659,-0.4803201787511258,4.247336906510466,-0.6598526634681636,0.3436469504525793,1157.0184792109724,1194.3746787804785,1135.439948384774,1178.1755837252351,-517.1864724722737,-657.7577585499128,235.40263987605195,-237.7202061962523,157.76122324373176
50.0725,-0.0537007332692829,-2.880780943022609,-0.9264606452987932,-0.0428948243718162,0.0104160669793424,-0.0158415760030853,0.0027423674736595,-0.0002096769920873,0.0470090957678976,0.9988904005910886,0.0641657800207563,-0.0361135744331161,11.001575370829787,0.0159863502060657,-0.0003853869231499,-0.4774249661635768,4.247369460290956,-0.659841654271651,0.3424397432379759,1155.925500360473,1192.4825772648508,1136.220021196044,1177.640604466846,-339.3614690991027,-928.7639985218699,462.3606732256939,-187.91708769867387,157.76366442630626
50.075,0.85967885707418,-2.935736705698041,-0.6295265551706459,-0.0422982384166563,0.0006907667231159,-0.018521145886676,0.0027289558650149,-0.0002099295399428,0.046974200129765,0.998892097259294,0.0628170036956047,-0.0396424325888322,10.992230331777984,0.0161844717452747,-0.0002256058842475,-0.4745413261728165,4.247403601220434,-0.6598291030020793,0.3412419505895117,1155.321671865476,1189.7308587878667,1137.7517517509038,1177.2359982867413,-80.7662663628476,-1068.4659250519408,670.8022896608078,-107.04831347178676,157.76657225936347
50.0775,1.530445975538625,-2.8659073087056255,-0.3760018561080817,-0.0379254376700476,-0.006926405457486,-0.0197908710929612,0.002706841899577,-0.0001998066550847,0.0469317639147097,0.9988941627448502,0.06164354964388,-0.0431897775012412,10.983760999881715,0.0164078929805328,-7.684271852201827e-05,-0.4716672027081583,4.247439875290358,-0.6598152425009602,0.340054884208483,1155.5216690286586,1187.1402476395883,1139.5740326443497,1177.1053628994869,228.72692332978545,-1067.765297880185,835.8074144709788,-23.41172133981073,157.76898412356098
50.08,2.01015920500002,-2.6985954121459006,-0.1465894532214133,-0.0303518548454528,-0.0137104383947366,-0.0201289076402679,0.0026740609101867,-0.0001786560184031,0.0468825873397498,0.9988965652950968,0.0605490200823297,-0.0467305478586853,10.976166505859732,0.0166546929834158,6.128252548662249e-05,-0.4688015761485727,4.247479010439446,-0.6598001625879678,0.3388778265446665,1156.4653064821239,1184.3920322984707,1141.9307888232547,1177.1189396800423,482.39381170754183,-1101.961242387306,1013.47137948831,8.506845142524266,157.77139224614635
50.0825,2.2881453958390607,-2.473043353340173,0.0411831742756663,-0.0217927324630451,-0.0196895018184459,-0.0197903855876598,0.0026313106089238,-0.0001513728687417,0.0468281873537979,0.9988992302030508,0.0595618513888327,-0.050185730620101,10.969434253538168,0.0169172162404493,0.0001875669986014,-0.4659441084184938,4.247521198577058,-0.6597845898185004,0.3377091398856595,1157.9336380871976,1181.6304414276487,1144.6413895417938,1177.1478971251995,670.6518373077622,-1082.791832979584,1135.2915771554867,-17.698150797687088,157.77380267591607
50.085,2.32110788134023,-2.204261569201151,0.1581956742962586,-0.0138041745870033,-0.0247397714905623,-0.0187497907284929,0.0025827618632551,-0.0001191787971367,0.0467682594248553,0.9989021602659468,0.0586354921842641,-0.0533969057878759,10.9635430919792,0.0171910872749311,0.0002982822475305,-0.46309452539117,4.2475655392568985,-0.6597689651697495,0.3365485934407361,1159.8185656686644,1178.97807313357,1147.6072467090353,1177.0304489260539,855.5400670005888,-1117.0377313587023,1308.5954204168124,-129.785476260058,157.7762213859424
50.0875,2.1315266400424746,-1.859247800313898,0.2030072818224901,-0.0059446688957365,-0.0298045247449621,-0.0168979954557193,0.0025328168902405,-8.71581002082547e-05,0.0467037795908402,0.9989052994606996,0.0578121591479363,-0.0562078874370917,10.958464017472174,0.0174686447776285,0.0003904657292461,-0.4602526748515746,4.247612025291516,-0.6597532415028232,0.3353959016659401,1162.2113384221966,1176.0452527708603,1151.184366643872,1176.4989697438998,847.3955869071901,-1021.4283599443892,1270.0021840375807,-286.8292991506575,157.7791391525545
50.09,1.84794655785686,-1.5652084639347468,0.1638531193575534,-0.001190260433739,-0.0330827292775084,-0.0151640445219494,0.0024861129432515,-6.13848700594536e-05,0.0466394685214735,0.9989084168245354,0.0571610054705574,-0.0584642832224234,10.954161727489392,0.0177419428181028,0.0004616709332026,-0.4574182965574009,4.247660991600415,-0.6597372566006254,0.3342508807591129,1164.0555436032023,1173.8709313338454,1153.9572576292264,1175.5963024302998,655.262071224371,-804.3259844719591,1014.066946897337,-473.27902547766257,157.78158658780305
50.0925,1.5215123637839052,-1.266701276933865,0.0689350659830424,0.0015427694527735,-0.0354337779123298,-0.0139830489334625,0.0024509680700131,-4.355977198288972e-05,0.0465796395756629,0.9989112922821048,0.0566644053752041,-0.0599340560487314,10.950595721012249,0.0180077367069403,0.0005067399210054,-0.4545907444841526,4.2477108877099035,-0.6597210376284217,0.3331126391518141,1165.48764877832,1172.0236228484987,1156.2547013783612,1174.1325746165103,499.71187322980734,-730.0207175013202,851.8972654419957,-766.0614832822522,157.78405322852416
50.095,1.1680581785406703,-0.8869007676867721,-0.0592319421714233,0.0031070329771689,-0.0380606271942866,-0.0141082744183045,0.0024320093552374,-3.701407389855111e-05,0.0465293594092728,0.998913681397198,0.0563423723500714,-0.0604772328451024,10.94772106391198,0.0182624016690867,0.0005247802448071,-0.4517691463663522,4.247759954691044,-0.6597051043990338,0.3319812799925663,1166.5541029693493,1170.220827746342,1158.2167439564323,1171.765995013892,277.70829547125123,-588.0545873577096,564.0917024411763,-945.2481420101489,157.78703695152848
50.0975,0.9472005379962652,-0.5307299436593148,-0.135834213801399,0.0036234169142949,-0.0405948073700685,-0.0152757344535908,0.0024274581722154,-4.228187838708648e-05,0.0464903223686268,0.998915512829778,0.0561527187810614,-0.0601017090678221,10.945489905105408,0.0185059579194616,0.0005214439940662,-0.4489522510958897,4.247807109749252,-0.6596904351825709,0.3308573309530621,1166.876190255677,1169.0833499117086,1159.0751598905683,1169.4063339064571,30.93220242506741,-376.0003950071573,173.40904622847344,-979.6707387909908,157.7895433091713
50.1,0.8198170677790528,-0.1110832094183901,-0.1398743860040234,0.0041263605669275,-0.043077859702458,-0.0166885098645855,0.0024331083557325,-5.623439263400055e-05,0.0464592123663501,0.9989169537831188,0.0559762456648249,-0.0588765154191478,10.943851310641117,0.0187422820861282,0.0005051442272042,-0.44613838700898,4.247852101736704,-0.6596775399141738,0.3297407378288557,1166.7087639814747,1168.3408257713052,1159.0837891875751,1166.8676413199344,-138.62905477243532,-235.13001691788767,-180.88038492531348,-1099.6773867762383,157.7920694507343
50.1025,0.7568913530570682,0.4649425575144189,-0.0341761976508001,0.0056308242367551,-0.0444966012188521,-0.0181673712744656,0.0024380133942333,-7.658285702556581e-05,0.0464312151068058,0.998918253531548,0.0557113714122461,-0.0570324374003938,10.94275168158736,0.0189747966510462,0.0004906834861202,-0.4433255814699238,4.247896006897878,-0.6596667284895635,0.3286303720743526,1166.1830449818156,1167.9076998271203,1158.1707579659428,1163.9079469725807,-202.28667823515593,-86.00966871881758,-468.757860555694,-1032.1698307775655,157.79512210018396
50.105,0.7508255263058153,0.98105836363603,0.150848731533187,0.007880948087121,-0.0434997178389691,-0.0191909703051331,0.0024433951381919,-0.0001027173256614,0.0464035707617126,0.9989195310614436,0.0553123526381568,-0.0545507814798971,10.942131890864756,0.0192046092469621,0.0004820656443272,-0.4405116989549782,4.247938621329843,-0.659657753711548,0.3275251294461077,1165.6973305902984,1167.910777427711,1156.7399998847957,1161.706792166044,-149.78531988710142,67.56489631740078,-678.7924414610353,-792.9310884127553,157.79768253886803
50.1075,0.757699764989051,1.4868305709917085,0.4243885492940023,0.0107210041756815,-0.0399514689213664,-0.0198184992313691,0.0024537705830566,-0.0001322387449506,0.0463749710302783,0.9989208308130678,0.0547048887051104,-0.0513539840460406,10.941929718726103,0.0194336493677473,0.0004802061331559,-0.4376944861505916,4.247980340048889,-0.6596500346352568,0.3264247274523392,1165.4341183823797,1168.2455243087074,1154.776795758636,1159.9432915305151,-33.70233693738892,178.67414586401415,-845.3092681483624,-622.0401079610583,157.8002588017234
50.11,0.7580770747332062,1.9467002676917216,0.7469519542528598,0.0133126829017225,-0.0347252433459024,-0.0196974127831449,0.0024696815322806,-0.0001624990091726,0.0463438271429329,0.9989222223207668,0.0538128841679046,-0.0474654292396512,10.942081450265476,0.0196633007761749,0.0004892560332613,-0.4348719106509049,4.248022432719044,-0.659642882423851,0.3253294715062083,1165.5288189056116,1168.8041481570303,1152.5134535440577,1158.5965916262417,150.56186539497077,262.48418243567573,-941.0636750522104,-441.2194211361128,157.80284717580503
50.1125,0.7434663357953292,2.318995029166042,1.0798574460556405,0.0151812470572047,-0.0285140238777019,-0.018128643801434,0.0024921485150521,-0.0001871721527875,0.0463110032149293,0.998923662782991,0.0524890684328327,-0.0429081640537802,10.942522400388633,0.019897044725973,0.0005122619043826,-0.4320423400337707,4.2480668146356635,-0.659635728770314,0.3242403580689601,1166.186927709355,1169.5579452208865,1150.0714773833724,1157.7371944248334,426.16434170373424,356.89751298718807,-1067.9484113572007,-284.63917795333134,157.80544893414535
50.115,0.7071283455239236,2.6449181215848627,1.4110279494326536,0.0170171199187724,-0.0207538710675983,-0.0139719900021227,0.0025206505713911,-0.0001996337008331,0.0462847047023866,0.9989247735437196,0.0505882325415396,-0.0377518933192528,10.943187584509252,0.0201376562987754,0.0005527748097558,-0.4292048720744925,4.248114633938169,-0.659628238659198,0.3231586093376712,1167.6596406141311,1170.5886357219672,1147.1737114872687,1157.1733957364743,636.7092725823447,386.11442067225295,-1024.5830032669114,-149.2217135379171,157.808584931067
50.1175,0.6592532722999603,2.8128833204242185,1.5704179648002092,0.0187084032665702,-0.0140288888457138,-0.0084386575045568,0.0025503964325587,-0.0001983796636726,0.0462744586327882,0.9989251246924348,0.048082748198825,-0.0321753144735063,10.944012450133163,0.0203829967500217,0.0006175426010089,-0.4263595880232637,4.248166221823878,-0.6596203973484644,0.3220858695375804,1169.3704740722635,1171.488517324246,1144.9485623670423,1156.9910858571443,741.7153046035152,358.10140114967777,-819.3985151028656,-39.327327355684126,157.81120865995044
50.12,0.5895049059991283,2.876182759461853,1.5585724137861792,0.0204796466735225,-0.006868890291138,-0.0013605690012864,0.0025773040223707,-0.0001877264408236,0.0462826508874332,0.998924615047288,0.0450816644956876,-0.0263545682948804,10.944932849552048,0.0206257843631891,0.0007125174149591,-0.4235074535450322,4.248220944465136,-0.6596127519114202,0.3210220893605689,1171.3682171371509,1172.3791427277165,1143.0767189117523,1156.9767590996955,877.3600826900806,386.5952581247553,-720.4476587344697,7.762051034201828,157.81384169624275
50.1225,0.479925279371586,2.841081910034879,1.34423328312816,0.0223230022797456,0.0020767196877897,0.0065706150860155,0.0025991818936844,-0.0001731461610021,0.0463090205085484,0.998923265298122,0.0417299739146152,-0.0204311298330695,10.945886314738255,0.0208580772403294,0.0008414478133716,-0.4206498845390823,4.2482779323483255,-0.6596061303107514,0.3199661783656387,1173.7572744857164,1173.4214936148708,1141.3463240733684,1157.0298961123156,822.0456753373783,380.7857105541469,-544.8950061459481,21.524285075903684,157.81700999449944
50.125,0.3704222896516004,2.733543317848916,1.0429304087602052,0.0235234022258029,0.0094798738408606,0.0105569834713591,0.0026196673721967,-0.0001592769481111,0.0463492586396718,0.9989212723199556,0.0381678414754665,-0.0144210174556728,10.946811838198917,0.0210731330463838,0.0010024722230513,-0.4177884944916437,4.248336665738454,-0.6596001854960537,0.3189170285392711,1175.478445513834,1174.2830712804855,1140.3522438810253,1157.0843805250752,576.2813614742083,348.79976576689734,-315.29562558031586,24.63192275906716,157.81965553380437
50.1275,0.2496850994630201,2.5731714077120063,0.7021418704652289,0.0243108755447365,0.0160864322684974,0.0108229550271176,0.0026467303759474,-0.0001491345687209,0.0463961391767231,0.9989189540531264,0.0345106504593028,-0.0082443057396197,10.947650356458231,0.0212663161844222,0.0011892651794964,-0.4149250226710226,4.248396205165135,-0.6595940903391226,0.3178744029843652,1176.6386812930848,1175.1654924437037,1139.7698459454682,1157.1530557261108,332.6499872475896,395.4400737092124,-191.31335593564688,45.4589470077048,157.82230378957854
50.13,0.1031793915121079,2.3634124123351032,0.3421077799001134,0.024807252997215,0.0226826736222813,0.0084690730336028,0.0026805206733761,-0.000132318037492,0.0464421983192319,0.9989166532574454,0.0305776136160589,-0.0019766864059736,10.948349241481862,0.021445348749323,0.0014004961297968,-0.4120608160055602,4.248455803730329,-0.6595864067381136,0.316840426520507,1177.1416954500728,1176.2602716490323,1139.3956771013463,1157.3116752601138,15.489153699619498,403.0414032693655,-115.62587711599458,80.90304291800248,157.82548099288658
50.1325,-0.0116059196346211,2.205486886088817,0.1165572999228596,0.0250660069487208,0.027126526001381,0.0063336906873535,0.0027208443101761,-9.939751955713901e-05,0.0464852681104411,0.9989144731350166,0.0262136576120517,0.0043013478521206,10.948858448169903,0.0216179076223977,0.0016338667793203,-0.4091973615765859,4.2485147545961786,-0.6595760928898134,0.3158165352014193,1176.7161270615827,1177.1806994600515,1139.191716559888,1157.5575709407008,-352.95508904301,356.72548770708704,-107.32562438361794,128.59301065393865,157.8281248480997
50.135,-0.1074359268193447,2.0905917618386063,-0.041169427416286,0.0252002973544403,0.0306275171333429,0.0056131008412749,0.0027662986145848,-4.506823727094869e-05,0.0465241579146876,0.998912482817739,0.0213552812424427,0.0104852951753494,10.949130168581531,0.021789024221609,0.001887331726781,-0.4063361120644674,4.24857202688625,-0.6595628036846872,0.3148022043162461,1175.3769200048591,1178.0438990875664,1138.8590489794287,1157.9546403133827,-681.3141932077694,321.83971814822047,-193.3139624714306,182.58150274741396,157.83076037938065
50.1375,-0.1764386515348526,2.014498946157808,-0.1730449900385645,0.0249724013912988,0.0336051624274534,0.0063772651803968,0.0028079208014154,2.841784541742765e-05,0.0465577791518773,0.9989107727804089,0.0160975795383038,0.0163062532634984,10.94912026561535,0.0219584718007227,0.0021646832024206,-0.4034782274273421,4.2486269376139285,-0.6595467775614652,0.3137954905524273,1173.3095560955423,1178.7898980507935,1138.2251467475303,1158.4704784544383,-984.3379982824409,252.56776440974855,-369.1824727581591,227.1217576897673,157.83338535721515
50.14,-0.1968457010077883,1.9623343556185795,-0.3087940044045872,0.0240849957771325,0.0366148492416088,0.0083452980037045,0.0028368556729029,0.0001167333504185,0.0465864306176332,0.9989093750359108,0.0105812547005668,0.021505653202978,10.948786307484532,0.0221247823529983,0.00246927560872,-0.4006241496367295,4.248680319827464,-0.6595289684829407,0.3127960079313806,1170.4552300134446,1179.3067379096155,1137.0131366156372,1159.0902491018323,-1402.621975218019,157.73411974760867,-706.9528922046238,284.32726464760367,157.83599281447087
50.1425,-0.1482616472492119,1.862942926879734,-0.4847715428303129,0.0219978472430814,0.041497873712952,0.0099784737387327,0.0028557838932687,0.0002106724261569,0.0466134269489102,0.9989081479913848,0.0050651087846144,0.0260834259659704,10.948082996990244,0.0222823780153416,0.0027952254787383,-0.3977737417568245,4.248733116885556,-0.6595104040161275,0.3118039716933173,1166.2964462194586,1179.5785686495308,1134.6903822865104,1159.8921147776753,-1614.1554255322644,38.68115049647553,-1009.4431523921525,297.2171211716912,157.8390953256675
50.145,-0.0468994930039604,1.6868049907325486,-0.6141804291335372,0.0198337914903904,0.0472388013960659,0.0093825065054567,0.0028679301517576,0.0003005025079565,0.0466375297225109,0.9989071645387386,-0.0001830812829635,0.0300632323488088,10.946965349070233,0.0224253134588211,0.0031366896898284,-0.3949260233010669,4.248785266080414,-0.6594907901354234,0.3108183215962428,1162.3844528857792,1179.5001436620983,1131.9659208536739,1160.5763347076916,-1610.9919153073804,-82.68509246200072,-1246.8859486726149,275.48712667080054,157.84165442516485
50.1475,0.0907076709960989,1.3474916180327572,-0.6667914011346693,0.0187843968710873,0.0540450099556435,0.0066448849163063,0.0028827530964811,0.0003787189805528,0.0466620498851449,0.9989062687219928,-0.004939140848823,0.0336191719751576,10.945386604299719,0.022549177025974,0.0034829517853965,-0.3920791751055692,4.24883634437359,-0.6594702885050076,0.3098359396977731,1158.2414866429176,1179.1651431872203,1128.455952543144,1161.26955041103,-1815.896986354133,-174.59896493508003,-1690.411561931151,311.676351115522,157.84418134620051
50.15,0.2350410350131358,0.7240644316402468,-0.5779266562786549,0.0195998239552253,0.0608406429428692,0.0020516515991871,0.0029019603594782,0.0004405467975355,0.0466880033962863,0.99890543528073,-0.0090498660922989,0.0367707542465983,10.943303072056596,0.0226517393082787,0.0038297844567606,-0.3892307530593548,4.248886851563346,-0.6594491905316272,0.3088560810645831,1153.3049679540168,1178.6271488374236,1123.5138630440258,1162.1347164632675,-1758.358983716617,-190.21440628020443,-1892.262852141344,326.2687639817764,157.8471711505221
50.1525,0.286578671466482,0.0491181188382133,-0.3557684746470282,0.0214765364186468,0.0636720989161189,-0.0020404547225218,0.0029243949539567,0.0004821053191342,0.0467168070589979,0.9989046303158308,-0.0123873429980502,0.0394872476014888,10.940673193816828,0.0227311691286407,0.0041753991884281,-0.386378398613594,4.248937592468004,-0.6594273197454783,0.3078795480468494,1149.44969172433,1178.214071155819,1118.9946382824323,1162.9008942309397,-1436.4750445080444,-124.55625359228172,-1829.8130958585448,314.600415357857,157.8496235788789
50.155,0.2185339507342771,-0.7159605884838018,0.0015909438642009,0.0237672620260453,0.062717289236977,-0.0051616190126111,0.0029490041628247,0.0005043099219496,0.0467491699625456,0.9989038441776156,-0.0149315860676077,0.0417559096332785,10.937457854657236,0.0227888435239952,0.004517981327036,-0.3835203168001247,4.248989295674339,-0.6594041689337006,0.3069073558622407,1146.1225927314729,1178.004367569462,1114.3647975647284,1163.7077185400578,-1293.4905041699435,-18.832671045919444,-1987.9346688377957,352.0330863235377,157.85203132010116
50.1575,-0.0264177927693238,-1.63760295167502,0.5057972573486688,0.0261241447023704,0.0574276919962564,-0.0059027231638262,0.0029721420838141,0.0005149795700289,0.0467800591150311,0.9989033208793514,-0.0168208321239022,0.0435244092225363,10.933623112423026,0.0228309285542489,0.0048579142246735,-0.3806556536658036,4.249042157706396,-0.6593797939376038,0.3059410603136534,1142.982239203486,1178.1199078005895,1109.0549649382526,1164.6610596625555,-988.2872721577261,111.33024497274835,-1854.9452890004488,331.0233365232887,157.85486444255028
50.16,-0.3609895440660007,-2.347246091718113,0.9019708711621126,0.0271208147455598,0.0504913009388641,-0.0030173854707598,0.0029883502057803,0.0005206684698438,0.0468048557322109,0.9989032584051852,-0.0181705034024985,0.044708178416021,10.929142071537115,0.0228622033156974,0.0051971687901218,-0.3777851746583848,4.249096335495876,-0.6593542562929323,0.3049822977451966,1141.1811563706815,1178.561018794326,1105.0900711197214,1165.3628352226751,-547.832148386662,242.71976828232567,-1438.3582971513451,237.77469321691228,157.85717546496443
50.1625,-0.7981704040960937,-2.955829436707664,1.17013768873955,0.0266961090656305,0.0423819455453673,0.0028585403436833,0.0029884097527052,0.0005220471629873,0.0468196359485901,0.9989037885316978,-0.0189746484124922,0.045142008908092,10.923998125626504,0.0228829109349865,0.0055408915933465,-0.3749115282877997,4.249152585100463,-0.6593273878688569,0.3040315642702676,1140.2430784615515,1179.3335066420016,1101.8631734524922,1165.8499331286407,-238.15383007753385,393.1540178316874,-1202.580177691018,139.32685657213307,157.85943117344837
50.165,-1.3781049735062123,-3.5642211365766054,1.2727697061996828,0.0242541333742905,0.0324259910935964,0.010396866798254,0.0029722052535412,0.0005151524320503,0.0468228501989494,0.9989048385497052,-0.0191204134195333,0.0448607177901872,10.918182663658563,0.02288970958504,0.005887653553104,-0.3720392800958053,4.249211795807365,-0.6592985804918589,0.3030891671889873,1139.9903872202951,1180.5267888834824,1099.0771702312716,1166.0594695055352,19.378494588126248,455.7307386409717,-817.1452569357283,2.49471277047505,157.8620702502488
50.1675,-1.8504520070980632,-3.9816579369258793,1.1709508679883704,0.0202951468178299,0.0239881948143749,0.0154044247012162,0.0029441571997066,0.0004986514209299,0.0468137562179685,0.998906202373652,-0.0185527542088373,0.0440050567499216,10.911698872539471,0.0228817010298581,0.0062329880634325,-0.3691743848711844,4.249272955479639,-0.6592676672134145,0.3021562988945377,1140.339970934492,1181.6121603352078,1097.7774471678115,1165.862406692493,207.1634025888065,414.4278174789786,-295.1066894784926,-158.74168957517278,157.86421036386855
50.17,-2.2404400759378014,-4.320449366425078,0.9143808900968872,0.0142380557880195,0.0149150429590352,0.0185093056909564,0.0029092599272242,0.0004743970152427,0.0467947685088022,0.9989074271549832,-0.0172909036812623,0.0427339302927489,10.904564823476543,0.0228613062052392,0.0065724382188592,-0.3663238244466567,4.249333910891606,-0.6592356918211699,0.3012347529968585,1141.0262042332397,1182.5989279708783,1097.6016367838783,1165.265761057659,294.612585420368,345.79101197054644,112.38726542638904,-298.8265081800808,157.86628613634548
50.1725,-2.5166037894343933,-4.596457830744521,0.5772113481701318,0.0068264007740533,0.0049023199512692,0.0201582055563498,0.0028693028797152,0.0004466629090189,0.0467707550254093,0.9989081162306056,-0.0154168454740548,0.0411395693345238,10.89681578363112,0.0228338844025142,0.0069044748071411,-0.3634950723558891,4.249392457635386,-0.6592044782477445,0.3003259989326488,1141.8130338615927,1183.3411153950588,1098.3393834949427,1164.3682741515943,305.7092460645236,196.4595159456071,494.262084237218,-417.2331752916901,157.8683064480724
50.175,-2.622420865010153,-4.788902376253736,0.2042249763975557,-0.0012399037350915,-0.0061779552980897,0.0204105788867068,0.002823468121034,0.0004127499030673,0.0467467292908138,0.998908353455672,-0.0128720491046405,0.0392495965377331,10.888503870949911,0.0228006611477335,0.0072303312283885,-0.3606957779998175,4.249448126757756,-0.6591750574245697,0.2994293786823479,1142.554750463563,1183.581225550607,1100.072947205066,1163.1795951811991,292.20628882770654,-59.93718743663184,946.6628330229171,-567.7061347854584,157.8702574717438
50.1775,-2.545816210185132,-4.9066011060389405,-0.2142478682468047,-0.0104194775511874,-0.0198803074449647,0.0195672556153972,0.0027762817168977,0.0003727558881623,0.0467282929763832,0.9989081476883684,-0.009663202292286,0.0372086040521888,10.879694332876928,0.0227652621609595,0.0075476492757911,-0.3579326401640371,4.249501844945898,-0.6591468352225383,0.2985441590657049,1143.274065305732,1183.0414294578757,1103.07269766006,1161.5297434776655,231.98868622442387,-362.476956050989,1209.1256537254678,-625.325449904108,157.87251564837283
50.18,-2.331248077682189,-4.89621403133224,-0.4966820255258899,-0.0170136572887817,-0.0313458210352343,0.0181894907961508,0.0027332323472022,0.0003317109934798,0.0467225890095118,0.9989073350070587,-0.005913295260147,0.0351833750263529,10.87046552016667,0.0227349431041774,0.0078533515280027,-0.3552105155086447,4.249554290093519,-0.6591186057106475,0.2976689199044105,1143.714693894684,1181.7688407703536,1106.1185754736875,1160.0529679316817,151.044343361732,-690.9755086005692,1273.3795210606183,-593.4079514916596,157.87432621292416
50.1825,-2.0011975597313025,-4.753496260733211,-0.6707402026254352,-0.0221867959337782,-0.0431488740931355,0.0160917599637842,0.0026994492589755,0.0002875365859863,0.0467344336602957,0.9989057889183588,-0.0016027114357235,0.033321021551156,10.860906562606324,0.0227116898662461,0.0081450072939215,-0.3525323766020405,4.249605734142784,-0.6590892796366705,0.2968005036716664,1144.0292870225408,1179.586551914871,1109.4395952653663,1158.5627037202055,123.93062420185768,-1149.4424831941192,1458.8523370559228,-640.2692863297851,157.87606051272613
50.185,-1.5274249324945475,-4.407754232228375,-0.721813300292868,-0.0268414595187372,-0.0577722154073844,0.0124598446183689,0.0026806110208278,0.0002369413223617,0.0467614840684136,0.998903661799171,0.0033018788667476,0.0317743889143773,10.851114097492951,0.0226962225882819,0.0084201890030399,-0.3498988391493982,4.2496560218680015,-0.6590586576320779,0.2959355302439887,1144.3343470156935,1176.0216283543803,1113.4128371589711,1156.8516215000311,108.86706998863596,-1426.573395226411,1413.4738011623208,-603.0975238576985,157.87805096923077
50.1875,-1.1063961153389814,-3.9696881205244097,-0.6234095020188203,-0.0295446360409804,-0.0696409739602324,0.0087159582887639,0.0026783813540688,0.0001655719176955,0.0467934703416863,0.9989014470320992,0.0090562990489312,0.0305930325278258,10.841190026529285,0.0226811715362182,0.008680079164651,-0.3473087510734083,4.249706919848965,-0.6590272629374133,0.2950713534653426,1144.5736223724837,1172.4536849387455,1116.5069642711715,1155.54721610092,97.71032198577603,-1485.3919400476439,1156.5697259352933,-486.6862792346971,157.8796323383067
50.19,-0.6971089210479767,-3.396358890460456,-0.3962462744901673,-0.0310884619952891,-0.079831602237801,0.0053535493754644,0.0026933295124355,6.052975431932387e-05,0.0468221312188552,0.9988995211329876,0.0158733293381517,0.0297987933872172,10.831237790714864,0.0226600288367971,0.0089265445213624,-0.3447593332873894,4.249758914927574,-0.6589954710485376,0.2942081378483219,1144.8228986256222,1168.5946686541488,1119.1956857886423,1154.4181901038598,109.34296176236649,-1678.8695038626936,1068.5773397679886,-452.32380006395533,157.88113142656084
50.1925,-0.2535811211729664,-2.6100342428494594,-0.0398169168177094,-0.0316600435019909,-0.0888127936833323,0.0035034245107392,0.0027199072614688,-8.089214102970859e-05,0.0468465417711933,0.9988979142726332,0.0237311585622923,0.0292855356225066,10.821362336751063,0.0226334460921018,0.0091650022964842,-0.3422465072979732,4.249811341172631,-0.6589641167024887,0.2933475582413927,1145.1203371812956,1164.0593374194275,1121.849850970014,1153.285597100599,102.13838861031267,-1588.6954624894827,877.8482288883481,-382.2050305683524,157.88283300521098
50.195,0.0600053118399967,-1.9277177972278368,0.2573739229111564,-0.0311149920934581,-0.0934027410215375,0.0044225990986833,0.0027528008765602,-0.0002507734569235,0.0468641798180178,0.9988967266155022,0.0323699784752875,0.0289581129229608,10.811666838347664,0.0226089804689152,0.0094002516718149,-0.3397657135700857,4.249863637869586,-0.6589334320660472,0.2924900522143972,1145.333590568674,1160.6511913416973,1123.5849269330863,1152.507164951017,67.17222530416363,-1234.1375694822402,611.6671345389128,-290.916891257294,157.88416834573368
50.1975,0.308049335952182,-1.2779543760577792,0.4691721591585336,-0.0299062210565605,-0.0957633913366626,0.0075856350130165,0.0027871139697268,-0.0004345958813712,0.0468712201146622,0.9988961191866372,0.041381487342169,0.0287324803419304,10.802251893231343,0.0225981102486325,0.0096363215381522,-0.3373126509006096,4.249915439506339,-0.6589027245907876,0.2916362478226036,1145.4561983078163,1157.888649572022,1124.908186642706,1151.831012644314,25.58611238876948,-977.6592812194849,482.7282139077201,-269.73900704910943,157.88541615227774
50.2,0.5059307093915941,-0.686626598906908,0.5636333449841527,-0.0285284109538821,-0.0969573143265529,0.0118118049302453,0.0028160534709498,-0.0006227023456413,0.0468664957565801,0.9988961378756878,0.0504566890299813,0.0284739684363378,10.79321466006235,0.0226084949761268,0.0098780919830446,-0.3348841585365357,4.249967190057757,-0.6588709717409217,0.2907879120599982,1145.461521130618,1155.7628949355972,1125.998568002626,1151.1584699157709,-33.78153491838111,-696.1560505345536,411.24208955831693,-290.8641554537884,157.88659011406267
50.2025,0.6570788509637747,-0.1842935127609226,0.5001133236188063,-0.0271279630019275,-0.0971082671017296,0.0159399565225631,0.0028334973482272,-0.0008032727875869,0.0468498751259874,0.9988967846416456,0.0592376644568519,0.0280603265190578,10.784648397056468,0.0226485906642145,0.0101293923210463,-0.3324781744022127,4.250019863012916,-0.6588370429385466,0.2899475454753155,1145.2872906332243,1154.4078693193476,1126.9643970904983,1150.3766918670442,-120.5803257137364,-441.88989494372606,432.63810115953,-395.7993660386781,157.887673569524
50.205,0.8056274137946166,0.310840152377207,0.2766902151085501,-0.0254165716662223,-0.0964705416904656,0.0190781314010956,0.0028416226171667,-0.0009714082622887,0.0468252201025687,0.9988978493952112,0.0675233220411661,0.0275364748613325,10.77663814105204,0.0227214803487569,0.0103882681596777,-0.3300942230445856,4.250073782114044,-0.6588012578694846,0.2891159432409838,1144.8586195020498,1153.5534454608808,1128.1617585084218,1149.1794730855793,-188.3880307208474,-213.3721258506102,462.4126252640416,-496.2504325248764,157.88886726923312
50.2075,0.9151905275887636,0.638572918493856,0.0255354932590015,-0.0239884971659811,-0.0954430782924939,0.0193002414970378,0.0028423767793707,-0.0011271779224199,0.0468025881947559,0.998898834669902,0.0752203005352461,0.026932086384155,10.769263089520692,0.0228267713716688,0.0106527687521628,-0.3277328073043571,4.25012869380703,-0.6587644168478723,0.2882939832295066,1144.3453504796196,1153.341008690094,1129.27646021682,1147.8954397044183,-224.07341781101783,-20.768412954647207,473.33858184464015,-581.5930767109174,157.88977203829543
50.21,1.01773615817084,0.8863279192954095,-0.21200221039248,-0.0225122370478745,-0.0936299700241158,0.0168410450951213,0.0028435671142047,-0.0012756130639954,0.0467892499222014,0.9988993588009172,0.0823477949856783,0.0263944328849904,10.762593608684746,0.0229604510168954,0.0109175058317146,-0.3253950703286074,4.250184148720241,-0.6587265850264727,0.2874813021967594,1143.738252412994,1153.4496033961075,1130.5284514176462,1146.2715077020232,-270.1143680824499,77.03964035515769,564.9125224976295,-791.2490881568294,157.8905819402874
50.2125,1.1263602009018168,1.0994989225928349,-0.4125960595356507,-0.0202070475981526,-0.0903667709929939,0.0122502041956474,0.0028514904779919,-0.0014224512239291,0.0467852575514756,0.9988993888787304,0.0889389323741874,0.0260355143151873,10.75669354956795,0.023117918679773,0.0111786812303177,-0.32308192272972,4.250239765403306,-0.6586882015673435,0.2866766400387814,1142.9947786392083,1153.7262068918694,1132.1010228293055,1143.939194263638,-264.38503214808526,96.91440782293785,565.1384233455539,-909.1420966847987,157.89144250277178
50.215,1.189781708647599,1.215219043498776,-0.4966985492465235,-0.0174201680448615,-0.0870514750763028,0.0088483143545553,0.0028696378100568,-0.0015688094452815,0.0467892714432353,0.9988989778417264,0.0949285434315109,0.0259093069787176,10.751620764019474,0.0232975535420403,0.0114344728502575,-0.3207933369809131,4.250294954142162,-0.6586494716617534,0.2858792611946764,1142.416327252253,1153.9341754352224,1133.3541435343755,1141.7257972185969,-217.02219724213856,51.266503514099135,456.32092110239984,-918.6727233335962,157.89206570882152
50.2175,1.2020412719496698,1.2839069481388727,-0.5247857852308389,-0.0137481863164769,-0.0837653937246058,0.0073243157954286,0.0028990959798881,-0.0017112322244766,0.0468002490780252,0.9988981825613092,0.1001572850697285,0.0260206269827779,10.74742576524304,0.0235004919834359,0.0116846315524306,-0.3185280503418357,4.250349200004685,-0.6586097504494713,0.2850884094504901,1141.909667652997,1153.98253940944,1134.3826274348187,1139.3458306469677,-207.76779140160923,-36.763854111983854,365.4028554485334,-1046.707149675555,157.8925900734052
50.22,1.1399167091337519,1.3408556134514684,-0.5560636986537637,-0.0088536805937297,-0.0801022164507602,0.0078485308380966,0.0029322961645108,-0.001844795363849,0.046815038492342,0.9988971834428296,0.1044335233643274,0.0261889159373341,10.744151589611183,0.0237284938232246,0.0119346023764765,-0.3162833518793984,4.250402500276193,-0.6585694923103881,0.2843030508885611,1141.377488295246,1153.7503561646627,1135.1811578116165,1136.4922614702239,-185.87075081154163,-142.40957683366096,202.746575965908,-1011.6854905632234,157.89310370054207
50.2225,1.0259708504468597,1.3896426473225876,-0.615481174170812,-0.0049960813604119,-0.0771809274648896,0.0095197951470283,0.0029613912805075,-0.0019710060927025,0.0468326050780921,0.998896050745574,0.1077144932262749,0.0262198503309604,10.741827092521739,0.02397856807325,0.0121901187028109,-0.3140556043344231,4.250455170022743,-0.6585297308325305,0.2835217150119432,1140.9803138989391,1153.2704915252712,1135.3963603146487,1134.2874031941487,-150.23369706197215,-255.3165317765946,-14.933297345934625,-804.2798090736575,157.8934350312072
50.225,0.8708362120717659,1.4632083299974528,-0.7115136355130757,-0.0025061737524795,-0.0745321549374005,0.0106681561716328,0.0029777094877986,-0.0020873131490243,0.0468533106392463,0.9988947997597653,0.1098823585218419,0.0259047271247665,10.740467966857643,0.0242494261926539,0.0124571738928629,-0.3118398812773922,4.250508236293804,-0.6584907881907359,0.2827434144330435,1140.6263198099357,1152.473773505779,1135.1064913248867,1132.4708624248535,-129.0261447796902,-368.88556047412646,-195.99785030954624,-635.6568013136763,157.89366680826888
50.2275,0.7091525540980933,1.568355698052608,-0.8027661743010457,-0.0014945124972276,-0.0721362265838569,0.0099598522033491,0.0029789936634478,-0.0021932546527809,0.0468781560851327,0.998893394335336,0.1108852536446085,0.0251703469504249,10.740071201015196,0.0245372229368417,0.012737556621548,-0.3096307528379692,4.250563047281319,-0.6584523290443794,0.2819678431753268,1140.3351831750413,1151.4260637229024,1134.416371063102,1131.1091191875835,-85.5782086799553,-468.17627870453776,-359.28602489466164,-415.1372895417958,157.89381759604672
50.23,0.5681491549192405,1.7100499655150632,-0.8171935840774321,-0.0013600668919599,-0.0696018581712752,0.0066675219630326,0.0029682911707222,-0.0022851838919254,0.0469055448578526,0.998891914585368,0.1106238961595362,0.0240619953990641,10.740615744023648,0.0248388189770127,0.0130294798242564,-0.3074224242626842,4.2506207169360986,-0.658413393590951,0.2811951675427571,1140.1984287665357,1150.1328921122551,1133.3100612004123,1130.3951759771435,2.422738064341172,-597.7186608282534,-558.4618476143404,-159.85454508500888,157.89387378276433
50.2325,0.4371093149696219,1.8950805392515833,-0.659625083761676,-0.0010299116357397,-0.0655287738462806,0.0010129293759535,0.002952160091739,-0.0023588946512376,0.0469326806789393,0.9988904914202862,0.109007935228648,0.0227029609801632,10.742061833068966,0.0251504085749038,0.0133286755527689,-0.3052092354085403,4.250681625508174,-0.6583728170452167,0.2804259432083102,1140.3472968653628,1148.4374704187596,1131.6240618250288,1130.309846462158,123.85908232824828,-616.7945684903012,-657.781615353231,84.6316290583078,157.89383727918573
50.235,0.3541397825000163,2.025838738772488,-0.3499118203815095,-0.0004991181961595,-0.0607210438103399,-0.0038680217994225,0.0029401059835496,-0.0024148166591953,0.04695776853201,0.9988891908164708,0.1060684289661857,0.021277813897107,10.744349740643427,0.0254647807346087,0.0136288517873998,-0.302986260670355,4.250746014186928,-0.6583304642854503,0.2796621312326535,1140.8177241781764,1147.0489192698064,1130.0211531236491,1130.8183341224346,267.24866051786165,-511.9066870029311,-659.574583027078,293.03779293485167,157.89372529000232
50.2375,0.2806341656192417,2.083305013613441,0.1288887356302765,0.0002198423914808,-0.0543794959544204,-0.0074843314622924,0.0029360924556136,-0.0024525776365989,0.0469845886885197,0.998887836335945,0.1018341915160066,0.0198558613374382,10.74740452588434,0.0257754706415327,0.0139265383784326,-0.3007489607247557,4.250813671658499,-0.6582871341738185,0.2789059184562551,1141.6835401679527,1145.8779369837437,1128.3261889098917,1131.775035426833,456.18167745960216,-425.64651282742534,-745.3640384427042,477.12781733487793,157.8935359067686
50.24,0.1780128960698216,2.027530592060728,0.8065677680347485,0.0012718849186406,-0.0461787128915339,-0.0082264923590714,0.0029400117553448,-0.0024749971006634,0.0470190669875744,0.9988861538631992,0.0964178742842115,0.0184205698676792,10.751135369237709,0.0260746252320936,0.0142204203764263,-0.2984932994323006,4.250883778395372,-0.6582430498658902,0.2781570190494686,1143.0986325654756,1144.9206867056682,1126.294332931434,1133.2039732091102,553.6464773225395,-258.1386258623371,-731.976894544352,534.2172895495735,157.89322897484087
50.2425,0.0641018887102477,1.8716702742077251,1.3537487230283956,0.0022522357401985,-0.0400943155648755,-0.0044990607403371,0.0029375363147016,-0.0024866308614721,0.0470612478568225,0.9988841710244244,0.0899716720467292,0.0166554044387262,10.755440588754304,0.0263543046522448,0.0145176291746562,-0.296215107514208,4.250955822100682,-0.6581985925611636,0.2774140638150547,1144.4517725545631,1144.5872438544332,1124.6663044371733,1134.4461218745785,531.2553044117077,-33.34124449114028,-625.2865075770826,468.517202004738,157.89291421379997
50.245,-0.0903366913490246,1.6238326977384732,1.7552198509092227,0.0031111340495251,-0.0355902182134972,0.0031623691983794,0.0029229843267561,-0.0024998008159355,0.0471114705220403,0.9988818526117174,0.0828403768415338,0.0144278880629654,10.760200614224622,0.0266027419210199,0.0148197892391477,-0.2939109490319464,4.251028800484655,-0.6581534007027102,0.2766758793110462,1145.7549090875355,1144.7539804832124,1123.1679003935467,1135.5465592191351,503.3621341704628,169.24957523884115,-617.0218160750691,419.55377721402687,157.89254672959544
50.2475,-0.3186955958340955,1.2637172787638156,1.9743314038310704,0.0034560236338152,-0.0320765915247911,0.0134903580764391,0.0029009575629037,-0.0025283966068982,0.0471692461752169,0.9988791648809916,0.0754280926367055,0.0118320929300994,10.76528155553022,0.0268081832828311,0.0151221106332326,-0.2915779381041245,4.251101743594264,-0.6581068391144091,0.2759418531941517,1146.9685832254168,1145.4334917306276,1121.5811953567963,1136.5438907606497,347.4955987485805,302.40709021191145,-538.1303814560744,301.14978773672294,157.8920541306275
50.25,-0.5302742760981568,0.9420451228903026,1.925893948713571,0.0028620804222085,-0.0304476781710791,0.0209874747746644,0.0028728354458357,-0.0025733177241569,0.047232053106928,0.9988762041915176,0.067869007970376,0.008913705421608,10.770544949932114,0.026967660520194,0.0154211497194709,-0.2892127433568832,4.25117291181794,-0.6580584394870517,0.2752117043308875,1147.4923870812768,1146.2660159342706,1120.4772484862688,1137.0523081578172,72.1482355659847,350.7901067865085,-386.69936183954326,140.15950876822913,157.8916070794006
50.2525,-0.7368202247775862,0.6214093638459082,1.6814641180124104,0.0013833894347959,-0.0295410232105291,0.0264677184609964,0.0028390748599744,-0.0026345759430574,0.0472979900691393,0.9988730431267476,0.0602878014715123,0.0057066180990627,10.775846873712805,0.0270795776905652,0.0157137612721884,-0.2868125587987644,4.251241769223355,-0.658007569089449,0.2744843234639439,1147.3293244032463,1147.1874422645587,1119.6476985476004,1137.24468830449,-194.08808825973284,357.78814132004186,-280.69090451821654,38.77282111696167,157.89112938821623
50.255,-0.9158731061839112,0.3067408279373033,1.333728547788996,-0.0006705347729225,-0.0288174091539668,0.0300352066219794,0.0027974402703723,-0.0027124725393744,0.0473619105123885,0.9988699161109548,0.0528196049233458,0.0021936279481197,10.78104142824257,0.0271426259666864,0.0159985769631356,-0.2843755047475778,4.251309653116611,-0.6579540765213598,0.2737596070496096,1146.5219466399776,1148.0549566408715,1119.0737939636772,1137.2461722634023,-476.2992967806277,312.69149936140286,-165.73547210269388,-18.245386023081423,157.8906314345923
50.2575,-1.0339060891869665,-0.0046861676095326,0.9415012493483516,-0.0033176800163684,-0.0283903185920848,0.0314133111522212,0.0027511447648284,-0.0028041328883953,0.0474182612219766,0.9988670784819336,0.0455416190215407,-0.0015160248243587,10.78598241940125,0.0271573635992092,0.0162714006389188,-0.2819011982900154,4.251378104259249,-0.6578985525552351,0.273039520587484,1144.947827919342,1148.7508997613663,1118.8190211870865,1137.1534613743747,-836.3504724862072,253.72987308683489,-44.17350798102613,-24.3008981941096,157.89011490394637
50.26,-1.0732469729994416,-0.3822244105086003,0.5076901994053049,-0.0069306519018526,-0.0286802076331444,0.0313633318761411,0.0027045741347868,-0.0029075022402265,0.0474649768739118,0.9988646441480608,0.0385527809171972,-0.0052840757800294,10.790527803674047,0.0271241184270173,0.0165278774282635,-0.2793911722969367,4.251447951300268,-0.6578412216121382,0.2723270226095201,1142.3401942775504,1149.3236060063048,1118.8529264237723,1137.1246677724318,-1029.0250220353491,165.3996688356137,58.34164335835082,24.51947868811313,157.88948064976964
50.2625,-1.0031900217741652,-0.7033508798300095,0.2196995078191355,-0.0100981579140821,-0.0297440367175939,0.0305228422178145,0.0026691516744744,-0.0030209043617325,0.0475016520565799,0.9988626278876456,0.0319668866282872,-0.0088173143497491,10.79454208844046,0.027043182486458,0.0167605658787356,-0.2768490997272022,4.251519126827076,-0.6577826182718622,0.2716227948825113,1139.8027028091626,1149.577898105545,1119.1107294038784,1137.2760587678151,-1014.9316270968748,58.86912883567391,132.66681922211808,104.3139123281356,157.8889446512651
50.265,-0.8151975062968069,-1.0317294718550312,0.0296483488930784,-0.0133974866087251,-0.0316142205301996,0.0294216111200089,0.0026466777495566,-0.0031359573343832,0.0475283059540843,0.998861053825616,0.0257393832968379,-0.0120209707608436,10.797905213155328,0.0269193224579228,0.016968254470825,-0.2742795997230936,4.251591396027027,-0.6577241790818961,0.2709279590465289,1137.2655361420634,1149.6179516504833,1119.5162605198832,1137.6462373340728,-1021.886880607937,-29.623710187870188,190.70642381474565,194.3882176916708,157.88840524247126
50.2675,-0.4595563122564531,-1.4301661743596372,-0.0928688192236186,-0.0169038952300788,-0.0346755179293788,0.0283262819889443,0.0026334249026183,-0.0032549995452813,0.0475440472572421,0.9988599620624556,0.0200439530191755,-0.0149303249613666,10.800512344285192,0.0267521931659565,0.0171540130726079,-0.2716889086810347,4.2516645037838,-0.6576668304594054,0.2702424012353923,1134.6932684061276,1149.4297795546058,1120.0642615229513,1138.2479998562728,-806.7731304002757,-110.70194264060568,199.63553675814885,217.75819333304523,157.88775748002618
50.27,-0.0772072820679921,-1.7586411575565453,-0.1280339457343047,-0.0187447909679828,-0.0378748739224437,0.0278378977639889,0.0026231995176974,-0.0033771212976277,0.0475532648787097,0.9988591603163688,0.0149725403933503,-0.0176323439520073,10.802277207467275,0.0265444327525371,0.0173225283804623,-0.2690838020041418,4.251738312602422,-0.6576107912218452,0.2695669856716746,1133.23167049006,1149.06444193728,1120.5144382036744,1138.7350283007383,-403.20077437802246,-195.93014656274116,175.3416770758589,147.84814612464,157.8872187913909
50.2725,0.3465340972717377,-2.066960059439486,-0.127383729405787,-0.0188194809315953,-0.0418871810147925,0.0278438312971479,0.0026141776268804,-0.0034960424225239,0.0475629636432015,0.998858338215858,0.010492763965335,-0.0201171946986321,10.803132178462741,0.0263025904833466,0.0174762576573968,-0.2664712454707517,4.251812320899465,-0.6575561976128379,0.2689015140783649,1132.6772645342364,1148.4501288217916,1120.9409699083308,1138.9872405868964,-32.23331342367804,-334.1398017007433,192.93312713538663,8.050287737076406,157.88668184272768
50.275,0.830892268224284,-2.3825045618336684,-0.1231807125702961,-0.016511138641791,-0.0476966071778273,0.0282794536819941,0.0026103953665519,-0.0036067693877873,0.0475794476222188,0.9988571993183156,0.006589555351463,-0.0222541456141416,10.8030284848375,0.0260334355452586,0.017614843851811,-0.2638582846835056,4.251885941100753,-0.6575031858711838,0.268245027461982,1133.0705039229415,1147.3937429287776,1121.4791038393505,1138.775279739424,295.8504293490783,-439.9214661031261,216.41368873236232,-188.30273766274703,157.88603866468264
50.2775,1.1625145368623793,-2.5700057702040136,-0.1375913054767954,-0.0127369906959471,-0.0534689045634776,0.0288253301112831,0.0026136342344412,-0.0037022328471999,0.0476067447840476,0.9988555692331156,0.0031814730195939,-0.0239645561369824,10.80193880559174,0.025745925108602,0.0177392232608947,-0.2612511296187597,4.251957650883751,-0.6574516821240318,0.2675966176603654,1134.1565166809823,1146.2505214912749,1122.0230383519931,1138.045726898582,541.1365247668942,-502.14851805841823,256.6782322372597,-415.4974086590904,157.8855020195024
50.28,1.3740247828534704,-2.638580735534818,-0.1825745873833012,-0.0075743950135472,-0.0605423777614412,0.0292612501567433,0.0026255638233984,-0.0037835346409615,0.0476451856290874,0.998853421643191,0.0003417281963161,-0.0251873286589432,10.799855778296465,0.0254456368201002,0.0178505315691856,-0.2586554480643452,4.252026706157936,-0.6574004314422522,0.2669541119651475,1135.7761865467776,1144.8830003384844,1122.7624950005375,1136.6977926961274,690.5893471297901,-570.4697323130135,339.2873875740309,-630.4331797157649,157.88496162879147
50.2825,1.47373719428784,-2.582130480981777,-0.2512923582174631,-0.0019136363991697,-0.0686224455865739,0.0293855097790983,0.0026467412236763,-0.0038544756253858,0.0476901905665189,0.9988509601717556,-0.0018227769994143,-0.0258958098762921,10.796791770550287,0.0251375065302796,0.0179503890880704,-0.256075968016255,4.25209271961978,-0.6573481256072796,0.2663161006323854,1137.6094634166284,1143.3981728297124,1123.719475289862,1134.8935610000062,730.0215774705424,-600.6264424300863,440.25052998940953,-798.0852584015347,157.88441545704552
50.285,1.4568877822256043,-2.363483422236608,-0.3356757338833514,0.0030382163524885,-0.0768992404555114,0.0289574955865828,0.0026778061451669,-0.0039178967335529,0.0477351226491845,0.998848492734816,-0.0032496543352216,-0.0260688160418731,10.792777414291415,0.0248274991513117,0.0180400743884602,-0.2535165101961512,4.252155339613338,-0.6572934059259515,0.265682521071961,1139.426294434132,1141.8798681263324,1124.9637476504856,1132.7073664041177,737.161014778699,-647.0078224887275,607.5973610461535,-989.9736895389588,157.88385936201863
50.2875,1.3604989585218998,-1.9407187165417477,-0.4299466658674705,0.0068481982395481,-0.085243145107833,0.027692909224036,0.002716709093923,-0.0039778424521165,0.0477746287552531,0.998846269966547,-0.0038768551409498,-0.0257529065947327,10.787860454347534,0.0245213323999577,0.0181220480978442,-0.2509802730298126,4.252214641358964,-0.6572363430163493,0.2650536366212294,1141.2952684905235,1140.163133717267,1126.7574620950943,1129.943692552309,605.5543054485092,-593.5172952910248,694.854870844615,-989.3170692706365,157.8831773373875
50.29,1.2682354432052623,-1.5040976009114413,-0.483399496807864,0.0081571667210133,-0.0899675889343229,0.0260656518000399,0.0027581334751287,-0.0040332698268296,0.0478057325901561,0.9988444547457508,-0.0037779943048395,-0.0250684636991576,10.782104334951104,0.0242273090946868,0.0182003190360635,-0.2484697768124911,4.252270443467086,-0.6571781346029594,0.2644309486292162,1142.454065961372,1138.91228164988,1128.4380220047055,1127.760781057769,368.95173201145775,-446.6749936746498,688.5453864550188,-800.3507828833788,157.88259477956785
50.2925,1.2078841500301611,-1.0584650339800104,-0.4935636712573456,0.0085222149749699,-0.0919834008114935,0.0241623525333042,0.0028011735087846,-0.0040856898534759,0.047832432884106,0.9988428515459608,-0.002987237708729,-0.0240521725787312,10.775584206336754,0.0239520342840373,0.0182768259392205,-0.2459876632477274,4.25232279200264,-0.6571200671336906,0.2638149172229145,1143.140027150582,1137.9297587488927,1130.2001890273712,1125.94193863789,204.80618995091825,-359.46575331790683,764.9092334482882,-686.0499751628269,157.8819956550599
50.295,1.1775265841479852,-0.5996753778306702,-0.4491456315504387,0.0096265725935093,-0.0916594008484533,0.0220941971159061,0.0028457968951755,-0.0041337809481926,0.0478601344966286,0.9988412064781448,-0.0016174207185269,-0.0227282977102055,10.768385975799175,0.0237025592961839,0.0183535345713564,-0.2435362990757043,4.2523715180719766,-0.6570632103830271,0.2632057080467621,1143.478096911127,1137.1149528832896,1132.2625681719487,1124.3305311819531,64.91853900503422,-235.3587117427972,727.4533283514097,-496.3079586344032,157.88125606897975
50.2975,1.1593650370432025,-0.32088913424268,-0.3694981047862439,0.0118807662316507,-0.0901330180146075,0.0208083309798616,0.0028890528155324,-0.0041819681567934,0.0478892627069951,0.9988394882651568,0.0003228313223841,-0.021199463560565,10.760604714020465,0.0234815882914062,0.0184347266822922,-0.2411179488530979,4.25241776707148,-0.6570078793733664,0.2626027346609664,1143.4646198456069,1136.7529651901796,1133.837455669125,1123.4603988447202,-33.772231307812945,-80.89201380621897,581.6376515774417,-276.1287403915,157.8806218873197
50.3,1.0948364326026807,-0.1566660894634849,-0.2584606732948734,0.015442583727045,-0.0889486748689497,0.0200290527622008,0.0029311352241902,-0.0042357211108873,0.0479181872816118,0.998837752532919,0.0028382136834964,-0.0195110223727822,10.752341193248771,0.0232894638841789,0.01852358695438,-0.2387347198221163,4.252464177057889,-0.6569537066657912,0.2620062935763645,1143.309235754588,1136.7104928142583,1135.1707564298376,1122.949887479995,-65.31338378796433,47.35580167336899,519.5324341585163,-191.29172111305925,157.8799688564586
50.3025,0.9050998766334556,-0.0546540223298888,-0.1074520639910979,0.0205822462007417,-0.0891068125033065,0.0195844722250005,0.0029760223550084,-0.0042969226690831,0.0479452302839364,0.99883606123035,0.0058524308462411,-0.0176321666828616,10.743699618969101,0.0231263250236452,0.0186215517040639,-0.236388319682021,4.252511832946057,-0.6569005250494871,0.2614165636577955,1143.138052926667,1136.9897441985468,1136.4351178399188,1122.5039402391544,-41.40073850943863,147.1986571781119,407.7297938473364,-172.47585673087312,157.8791634701758
50.305,0.6300095202358381,-0.0088787450970517,0.0198836070099504,0.0249584937984717,-0.0902096348863334,0.0195472806243585,0.0030205856930785,-0.0043660038252779,0.047973744612945,0.9988342615100562,0.0092483743923107,-0.0156909775927129,10.73478786264113,0.0229916045682192,0.0187330627074958,-0.2340796394382372,4.2525610631926085,-0.6568495602445864,0.2608329552579686,1143.102232062041,1137.446486100148,1137.2094053990725,1122.087508196341,17.451204988665435,209.0094365082063,262.4746527783394,-205.9300887441024,157.87847432672575
50.3075,0.2423837148306868,0.0358335554778651,0.1341960875615061,0.0281257781770692,-0.0914393651081374,0.0198135764601231,0.0030572971247585,-0.0044412181646505,0.0480078468918905,0.998832183772178,0.0128590586967547,-0.0139138430872462,10.725714646236153,0.0228843422622798,0.0188640304735592,-0.2318087387897744,4.252611721347783,-0.6568010961922512,0.2602556777156445,1143.2253089516103,1138.0347913810883,1137.7474911038112,1121.4742897954332,72.48981938015204,234.96821410982903,191.20279001189596,-283.88898783627184,157.8777667614561
50.31,-0.2023701184943683,0.0950942078730228,0.2277855183510691,0.0293438772414142,-0.0924599857865269,0.0203405846548537,0.0030859069445822,-0.0045227986762947,0.0480477148999149,0.9988298144879406,0.0165719296184148,-0.0123775759602814,10.716583971252348,0.0228010292293221,0.01901629679293,-0.2295754207435807,4.2526638217579125,-0.6567540623637762,0.2596841222779112,1143.4646811589419,1138.621327170698,1138.1654193491324,1120.6680632571592,109.99635270901308,201.00276116181797,161.8075254941794,-355.56203085962403,157.8770441728712
50.3125,-0.6475750966572489,0.1719774077505651,0.2857586051287104,0.028057622576042,-0.0929473761617095,0.021210441503769,0.0031073626928488,-0.0046079289858087,0.04809002378755,0.9988273188308552,0.020218390559894,-0.011132728784112,10.707494600250692,0.0227383203748801,0.0191900689991628,-0.2273787184559244,4.252716997092576,-0.6567070055438913,0.2591185026934389,1143.7752907151548,1139.0398051868965,1138.556528731281,1119.6964796411369,128.47715451978587,101.88035645756088,196.20349983447,-430.5929135475986,157.87630385851185
50.315,-1.0871576427077128,0.2658770203064972,0.3040634694358554,0.0240177112200968,-0.0923872773306252,0.0226153330121072,0.0031233818285114,-0.0046970379594034,0.0481313835138592,0.9988248504775634,0.0237117112064932,-0.0102169038064125,10.698537403989215,0.0226904960028428,0.019383925762982,-0.2252171212355237,4.252771620809943,-0.6566587286534804,0.25855799065015,1144.1070669315402,1139.1307289529852,1139.146436848304,1118.5150986894232,95.76463013258592,-61.67680017698813,252.78825177579876,-406.3472806910535,157.87539560398946
50.3175,-1.3157574811574435,0.3256706693521905,0.2742222954944117,0.0191259399350297,-0.0908970838843347,0.0239142514610346,0.0031376705296065,-0.0047913326292976,0.0481672237918735,0.9988226130794218,0.0269972763137759,-0.0096238695568107,10.6897931091906,0.0226508004830216,0.0195942884721552,-0.2230885265512988,4.252828708899304,-0.656608499941491,0.2580019987531991,1144.254113865818,1138.7314211860114,1139.8204699901607,1117.6647432376803,10.986193217689852,-278.23955083976534,314.57284386508314,-284.8972307513484,157.87462269216627
50.32,-1.359212811024695,0.3488997760081269,0.2036042347142423,0.0136958444607926,-0.0888280263845231,0.024975637462911,0.0031556244551658,-0.0048897747220599,0.0481944092129972,0.9988207489355734,0.0299896151486022,-0.0093047841097122,10.681330867352637,0.0226132466671093,0.0198155487682352,-0.2209901947945679,4.252888853887708,-0.6565550733522559,0.2574500522647676,1144.1619978976287,1137.7395311987857,1140.71930106763,1117.0906125356655,-116.15210471879087,-577.1918246873404,438.22076108416536,-178.49329682055986,157.873833873422
50.3225,-1.1931933257261735,0.3358657162912768,0.0901777018330921,0.0079626029121324,-0.0864200818339893,0.0256253246179839,0.0031805474174383,-0.0049898462987346,0.0482143356780911,0.9988191970437202,0.0325862257824024,-0.0092479013001774,10.673207761678063,0.022572911217048,0.0200419058897346,-0.2189187846893883,4.252952247226921,-0.656497648202965,0.2569026742415888,1143.6733533422243,1135.845462062577,1142.0115737955798,1116.7722767535784,-253.03499793349843,-800.448184925062,493.57703399971103,-64.88968332556715,157.87286988562187
50.325,-0.8976308678478736,0.3091878874390113,-0.0099718657504652,0.0047003816661128,-0.0851274384346903,0.0254770417658513,0.0032081592400059,-0.0050868994563016,0.0482284492068087,0.9988179257978989,0.0346470664691775,-0.0095932274411474,10.665469284786644,0.0225266521987897,0.020270311672787,-0.2168702179655153,4.253017954099327,-0.6564363278713059,0.2563614026393706,1142.8968229079603,1133.7372902741583,1143.18718623763,1116.7661641190375,-392.55177064040174,-924.4271445684536,466.3293917531861,22.193393258783104,157.87205286667455
50.3275,-0.4883404985798856,0.3021829118084142,-0.0947372701336799,0.0034332329451776,-0.0850129994141339,0.0248317198524983,0.0032281956572561,-0.0051844415860231,0.0482373439481328,0.9988169210392756,0.0362142200392355,-0.0106074768250824,10.658146955216049,0.022469053482953,0.0205003510231886,-0.2148401806225732,4.2530845890101965,-0.6563719057998955,0.255825192735572,1141.7105944890216,1131.2233263397327,1144.3432207543467,1116.8832437198723,-609.3120252433521,-1152.5560768820492,474.86693739367627,35.12177549449473,157.8712227072519
50.33,0.0731527323950612,0.3573857640305462,-0.1619934253562775,0.003901885858154,-0.0855854774893313,0.0240872050894601,0.0032322070081521,-0.0052847030533551,0.0482428516418371,0.9988161109838488,0.0373175160065718,-0.0125076806036721,10.65125692918624,0.0223968218941173,0.0207309400381651,-0.212824016700047,4.2531501909805725,-0.6563046974918331,0.2552926317210119,1139.8502627817463,1127.974509889753,1145.561520924596,1116.94177299651,-739.7691158403486,-1191.1402862441537,398.81027590888664,-23.707493973676414,157.87021271608464
50.3325,0.5640526972779617,0.4731247035867556,-0.182889261910488,0.0054307323436614,-0.0859631784988356,0.0236486384104891,0.0032229239119702,-0.0053845365116044,0.0482499869059784,0.9988152601203836,0.0378955483187111,-0.0152581860038967,10.64479830268287,0.0223104308462375,0.0209566263771029,-0.2108170899677678,4.253213160302504,-0.6562350772887253,0.2547627709835418,1138.011748909818,1125.2676249085089,1146.3372721338924,1116.764706250004,-767.0425229948418,-1038.4711235985067,239.52769481153635,-145.0114293968167,157.8693606707969
50.335,1.0509893061038336,0.659439521712667,-0.1624957201798164,0.0076711383267646,-0.0854497588035513,0.0231090094464489,0.003210328793612,-0.0054784313856246,0.048261738935154,0.9988142209323486,0.037853061829334,-0.0186584314933387,10.638754763176003,0.0222123984278418,0.0211700870265146,-0.2088150470792131,4.25327183296471,-0.6561649927294243,0.2542353823439952,1136.0150501667704,1122.782154271758,1146.7591593986544,1116.2167158495256,-797.9863986386573,-930.44489258371,95.87468607823746,-289.3991243712111,157.86849929471484
50.3375,1.5212221355019897,0.8888324022840423,-0.1051696947786082,0.0104875793099286,-0.0839176865152461,0.0223048149589549,0.003202133376058,-0.0055635084675011,0.0482780587672634,0.9988129872136076,0.0371554420394907,-0.022551551554337,10.633097859852572,0.0221048411816814,0.0213665209249048,-0.2068139825298198,4.253325505982027,-0.6560964991403417,0.2537106514667654,1134.0218169166283,1120.6154004455943,1146.8166455642831,1115.3177106281491,-758.9851743183982,-767.9395809341876,-79.81254384599661,-439.10849344706816,157.86763135632722
50.34,1.9556559150321708,1.1428934128218322,-0.0046615232809939,0.014031219134484,-0.0813637807757406,0.0214893695603475,0.0032011251777334,-0.0056373378987417,0.0483032485676569,0.99881135589808,0.0357793067953672,-0.0268793343191778,10.627789688602826,0.0219901267527812,0.0215442057739862,-0.2048105906309497,4.253375508580247,-0.6560308955911146,0.253188641607025,1132.2201242951764,1118.9424563670852,1146.3600966794243,1114.0211733822891,-698.544073109958,-607.4986410794356,-332.1622410253105,-639.2161220384337,157.86675704783002
50.3425,2.406508233766045,1.4399589983744023,0.1525410040735932,0.0191084221217593,-0.0775650762781598,0.0210321175901451,0.0032130078010944,-0.0056931519876871,0.0483422693694949,0.9988091057226068,0.0336170359438977,-0.0315113744237742,10.622783798887887,0.0218718607931692,0.0217009716594952,-0.2028026441596219,4.253423526632147,-0.6559684885887466,0.2526711629085116,1130.5290965510767,1117.5779072401958,1145.1558343591555,1112.1216300179556,-509.7241858362029,-390.8137777040254,-550.6758845618157,-729.1200020164334,157.8657027932389
50.345,2.6907048183653433,1.6558484748214575,0.2956030196116584,0.0244350591354102,-0.0737658557267295,0.0213357920794148,0.0032408187000669,-0.0057331221283738,0.0483954351566506,0.9988061962106262,0.0307512723650738,-0.0363778425781573,10.618027451141696,0.0217489149630995,0.0218365223309141,-0.2007894896150022,4.253471710954523,-0.6559092726905786,0.2521594416321791,1129.6715033659975,1116.988387478567,1143.6067172566177,1110.3755733722103,-205.27236485280312,-126.85957169208326,-716.8052956666968,-699.360245262466,157.86482205924025
50.3475,2.8266041100121537,1.8107456734603131,0.4228623234064461,0.0315206444457539,-0.0693667348241781,0.0224941169130311,0.0032861357122003,-0.0057640448238241,0.0484575186351444,0.9988028359582533,0.0273638095509006,-0.0414398453909664,10.613464607139536,0.0216171066136613,0.021951320084446,-0.1987718842194155,4.253521985266357,-0.6558525277608899,0.251655350733882,1129.502734726812,1116.943609381735,1141.5718078808204,1108.6248287916414,84.61286967476771,91.51185642376595,-968.9254390998078,-736.0842418015964,157.86394204964384
50.35,2.7543235358317553,1.8976998654867168,0.5253624726355698,0.0420258818266381,-0.0633900029907764,0.0247796978460021,0.0033490973965285,-0.0057980609075078,0.0485214347132059,0.9987993019139564,0.0237509512210395,-0.0466899209923538,10.609038601537923,0.0214693432958519,0.0220458989610516,-0.1967517780607153,4.253575322534236,-0.65579645305831,0.2511585289264044,1130.0945677143718,1117.445946760686,1138.762090061116,1106.6951521632004,329.7712548812158,259.2774380559688,-1053.8532300396616,-660.2477409410404,157.8628910578063
50.3525,2.469336103320711,1.872598167170075,0.5530908473228554,0.0515033052744605,-0.0579478270736471,0.0270793545509281,0.0034265588025548,-0.0058461933263949,0.0485812729068646,0.9987958324665854,0.020184403833678,-0.0521842820525601,10.604695640036388,0.0212988290127675,0.0221209717767331,-0.1947316200878118,4.253631658622996,-0.6557393419670697,0.2506680254819954,1131.1515910012167,1118.2399965720135,1136.302541730627,1105.3235900869392,498.1801983390321,366.5541006268484,-959.3263328854483,-490.07107906879753,157.8620229362236
50.355,1.961057933861326,1.7406040739898008,0.516974789518236,0.0597475936715562,-0.052624470954818,0.0291556505870049,0.0035076533813307,-0.0059085754328074,0.0486347677140468,0.998792572481236,0.01669925690073,-0.0581261805653973,10.600388241230435,0.0211035135100516,0.0221787142027991,-0.1927134801453806,4.253690099303784,-0.65568008669855,0.2501843135494271,1132.5854687060682,1119.2787172638211,1133.9654583966865,1104.2447967678552,656.8573669467974,472.7695125013125,-946.4884462837449,-412.70224573933586,157.8611675760201
50.3575,1.1694176131320604,1.4727936019575942,0.4141951595577583,0.065955051863344,-0.0469040167027174,0.0308553092596385,0.0035828080458254,-0.0059815422910925,0.0486818424384132,0.9987895806475932,0.0132524854021009,-0.0646817055229666,10.596074071354709,0.0208834086653382,0.0222195468313066,-0.1906995317065889,4.253749443538297,-0.6556180510418639,0.249706893642199,1134.4358778359524,1120.6038441345215,1131.5700994992055,1103.2600788582415,653.9443669546054,468.2743995923995,-777.9443862283897,-321.36796350184466,157.86016213795716
50.36,0.4450971730491379,1.1824314386442427,0.2972159582815447,0.0672190118382191,-0.0428744741381313,0.0314389785403461,0.0036448576143741,-0.0060584594681991,0.0487255340314148,0.9987867704932468,0.0097404837533419,-0.0719569409737186,10.591716834454065,0.020640561968187,0.022242041821277,-0.1886919365097196,4.25380799296135,-0.6555532408520494,0.2492352157412013,1135.8551905408383,1121.620089261781,1130.075736465548,1102.6379569503474,492.0823695987321,357.1073265891292,-467.38592383666133,-225.19834721867784,157.85934678256135
50.3625,-0.2373207587363098,0.8654726385643259,0.1695495965397462,0.0650442934301497,-0.0401531482022668,0.0314168864578116,0.00369107140987,-0.006141715432133,0.0487697760934995,0.998783937292502,0.0062532188651756,-0.0799678955903791,10.587286014203496,0.0203745286021506,0.0222429323742473,-0.1866932747520674,4.253864754395217,-0.6554863276955875,0.2487681733107313,1136.896289683947,1122.389380767468,1129.2331698800213,1102.1340871221475,325.06914043898826,260.48842891737286,-208.37182341823132,-212.36414970551823,157.8585610820342
50.365,-0.9138043990875796,0.5160522404511846,0.0204691550233064,0.0603406371799813,-0.0393203064456892,0.0311327273961746,0.0037248023682029,-0.0062299530752103,0.0488151669523328,0.9987810411816662,0.0028040156347955,-0.0885936550627196,10.582758502841873,0.0200869830455683,0.0222169229976271,-0.1847060842425703,4.253919105065265,-0.6554176580026759,0.248305898224302,1137.480536243034,1122.9225314063683,1129.0338773484564,1101.5761362018193,82.06489927732224,128.46109213603856,56.56731644172084,-205.61794108885408,157.85765967591243
50.3675,-1.324595687857293,0.2911199298309836,-0.095568648091838,0.0557062872786552,-0.0406608402087603,0.0308595435493473,0.0037518136108325,-0.0063219901957921,0.0488625581815945,0.998778024948258,-0.0005921128325294,-0.0976593899419299,10.578119181587567,0.0197802564425911,0.0221584073340609,-0.1827328857675213,4.253970145371152,-0.6553468696536023,0.2478479397054519,1137.3066141803336,1123.0316862281477,1129.5160064622296,1101.1059974167042,-214.5768462713289,-13.070567008610531,302.983263786136,-193.52812063515657,157.85694803065033
50.37,-1.5736597415219746,0.1558136402943687,-0.2029546703927767,0.0512335540852721,-0.0428883132469626,0.0306065945839581,0.0037756019697992,-0.0064150489540017,0.0489157637345625,0.9987747106481388,-0.0039617113691666,-0.1070347895489926,10.573361327544692,0.0194578859874931,0.02206341412003,-0.1807759719928356,4.254017586666905,-0.6552743504356332,0.2473939670832452,1136.4076520116769,1122.8571785713254,1130.5487936673878,1100.608495598643,-470.9602911347566,-98.79988218294275,474.6326882993189,-202.88974762701025,157.8562831147735
50.3725,-1.7058546001174764,0.0790014917462497,-0.3038218904373066,0.0473852526678471,-0.0443035916752457,0.0303245049579542,0.0037991978927525,-0.0065086137847439,0.0489781350168331,0.9987709353112588,-0.0072903152897713,-0.1166020846868601,10.568485548796367,0.0191226454819946,0.0219294904940717,-0.1788377302589777,4.2540625086328765,-0.6552012196950066,0.2469453562295323,1134.9518127246583,1122.5376868172327,1131.8891699037274,1100.0915486785686,-687.9165982423617,-137.01950119606138,566.6789691055479,-208.09916018575504,157.8556610154761
50.375,-1.724925820648718,0.0206679089728559,-0.3944076706645521,0.0440912049800994,-0.0435293654900803,0.0298780656850976,0.0038296606656062,-0.0066004321849995,0.0490494863652845,0.998766706143602,-0.0106023587024993,-0.1261594995402336,10.563498959697489,0.0187774649997391,0.0217544113547619,-0.1769206956840942,4.254105951015409,-0.6551286667216768,0.2465042038380043,1132.968069020468,1122.1720810653455,1133.3821885129128,1099.5679997977152,-938.8410317263504,-142.52378236432608,638.2335824118747,-228.01697704292383,157.85509523466123
50.3775,-1.6435225981375594,-0.10221165288605,-0.4810785789297331,0.0397858053443073,-0.0407235457422764,0.0289444898454203,0.0038688817450762,-0.0066823718096251,0.0491256085448911,0.9987622771188484,-0.014057497029434,-0.1356134475672364,10.558414536400091,0.0184268156837216,0.0215394882722206,-0.1750267436727862,4.254149041100352,-0.6550582653873811,0.2460718144454586,1130.257607566031,1121.8250679054115,1135.0803378157839,1098.951463793355,-999.77105232,-99.02821776117369,577.2846427709512,-224.1754825671468,157.8544871713133
50.38,-1.4992625087772469,-0.2809192299125864,-0.5228226540129063,0.0356752712810784,-0.0383349936405286,0.0277075703616596,0.0039116279328836,-0.0067579320813159,0.0491973472665909,0.9987580861451139,-0.0175823071093733,-0.1450398427088444,10.553248439137256,0.0180705254455825,0.0212903389057144,-0.1731571506092612,4.254192915413226,-0.6549913617681122,0.24564696667761,1127.9692137588656,1121.6769399765396,1136.2686117267692,1098.4471223848789,-863.0561036416243,-27.536705623092082,411.0293165656629,-205.8287320852598,157.85404351097367
50.3825,-1.2871446350926163,-0.5331171762576183,-0.5165810976853978,0.0316953607830024,-0.0375457459888846,0.0259855111030568,0.0039592801680671,-0.0068322667217109,0.0492579901524754,0.998754417421674,-0.0210665461000594,-0.1543846587383035,10.548018579208232,0.0177076283619878,0.0210112470825918,-0.1713123501362926,4.254237575207279,-0.6549280589688679,0.2452277615988076,1125.9423270478208,1121.6873843772962,1137.1354843986132,1097.9223201329282,-776.476524506303,28.83820945869851,312.8592980017064,-250.80264958310252,157.85366983030653
50.385,-0.9778072639582808,-0.8658313545281688,-0.4401833215198799,0.0280079462475043,-0.0391293206119986,0.0236863695463419,0.004018081427002,-0.0069085773193619,0.0493038378186095,0.9987514049942826,-0.0244404836394857,-0.1634980888736695,10.542743471204668,0.017337861131323,0.0207053676387514,-0.1694914277579903,4.254282220007624,-0.6548676615512325,0.2448120317772083,1124.0868311363377,1121.821131023833,1137.8329082167763,1097.1931091369645,-559.5048637824996,52.66333886435893,216.90416300100696,-298.2377972482775,157.85330726192535
50.3875,-0.6988730193997869,-1.1131597130505153,-0.3180700423308563,0.0261784166922653,-0.042209999866845,0.0219239140281593,0.0040879218637411,-0.006985610205924,0.0493349526509054,0.9987490568876332,-0.0277385915965022,-0.1723681268706751,10.537440204184149,0.0169628270349418,0.0203781119768356,-0.1676915508125114,4.254326259045,-0.6548099700080663,0.2443987608451926,1123.1448027289068,1121.950701071618,1138.2200052136188,1096.431131146686,-243.99693342858225,30.45627423424127,144.31697854785745,-352.2223472396508,157.85308006908167
50.39,-0.4285178917014735,-1.2673907273220155,-0.1475237496045695,0.0256889641834031,-0.0463002260700495,0.0206674703739786,0.0041644856915904,-0.0070634360374816,0.0493553241807153,0.9987471952895048,-0.0309747545872729,-0.1810801981688825,10.53212252963778,0.016583998624845,0.0200360952021649,-0.165908508485581,4.25436852201409,-0.6547555937249376,0.2439867162194473,1122.866846469194,1121.9734123950043,1138.554493109516,1095.431997400765,13.057609728924087,-45.35233981686847,165.54217141612347,-502.8376125191724,157.8529344982057
50.3925,-0.1385651641883136,-1.293720901257436,0.0825225084063531,0.0262253380724811,-0.0518425668456446,0.0199875563924531,0.0042472552468822,-0.0071523065665965,0.0493689767849812,0.998745551616012,-0.0339461219649399,-0.1896568104727675,10.526800535629912,0.0161994466619181,0.0196843937914142,-0.1641377525374074,4.254409034073567,-0.6547050196659759,0.2435732274174109,1123.2100907775512,1121.723939372534,1139.0477160706987,1093.9169430840925,211.83711054821364,-156.56606425005697,207.8982426942121,-605.1537191899657,157.85285831984632
50.395,0.0701556267169416,-1.1656192221449375,0.2645877457462755,0.0270154283704008,-0.0564912907428576,0.0202124385776032,0.0043338181718288,-0.0072599616317173,0.0493759078795114,0.998744082689525,-0.0365040450037606,-0.1981626319601328,10.521480331756631,0.0158079001633824,0.01932799790536,-0.1623744394342978,4.254448464071276,-0.6546577418961472,0.2431577315474816,1123.9260320219355,1121.1905820737536,1139.5939843229876,1092.406228804814,286.37649775318226,-213.3429195117484,218.5073009151308,-604.2857117102502,157.8528797536229
